3 0.5436187399030694 0.5294117647058824 0.022617124394184167 0.20320855614973263
3 0.5617932148626817 0.5254010695187166 0.025040387722132473 0.21122994652406418
3 0.37762520193861066 0.5347593582887701 0.023424878836833602 0.2192513368983957
2 0.49353796445880455 0.4919786096256685 0.017770597738287562 0.11764705882352941
0 0.7180936995153473 0.6443850267379679 0.048465266558966075 0.2620320855614973
0 0.45193861066235863 0.4959893048128342 0.05411954765751212 0.10962566844919786
0 0.5872374798061389 0.4893048128342246 0.024232633279483037 0.11764705882352941
0 0.8723747980613893 0.7901069518716578 0.12439418416801293 0.4090909090909091
0 0.07350565428109855 0.6189839572192514 0.12277867528271405 0.24866310160427807
0 0.3154281098546042 0.5200534759358288 0.023424878836833602 0.13636363636363635
