1 0.0998389694041868 0.588 0.16264090177133655 0.2
1 0.5752818035426731 0.508 0.033011272141706925 0.088
1 0.6606280193236715 0.472 0.03784219001610306 0.042666666666666665
3 0.45450885668276975 0.48933333333333334 0.007246376811594203 0.06666666666666667
1 0.7347020933977456 0.468 0.0426731078904992 0.050666666666666665
1 0.8727858293075684 0.452 0.0499194847020934 0.06133333333333333
0 0.2210144927536232 0.5026666666666667 0.05877616747181964 0.04
0 0.5132850241545893 0.472 0.07326892109500806 0.02666666666666667
0 0.8132045088566827 0.4573333333333333 0.033816425120772944 0.034666666666666665
0 0.784219001610306 0.4693333333333333 0.01288244766505636 0.05333333333333334
0 0.6223832528180354 0.48 0.02254428341384863 0.08
