3 0.16922455573505654 0.7473262032085561 0.19305331179321486 0.5
3 0.8025040387722132 0.5962566844919787 0.04765751211631664 0.35294117647058826
3 0.21163166397415187 0.679144385026738 0.0420032310177706 0.45454545454545453
2 0.364297253634895 0.6149732620320856 0.061389337641357025 0.32620320855614976
3 0.6672051696284329 0.536096256684492 0.024232633279483037 0.25935828877005346
3 0.4810177705977383 0.536096256684492 0.020193861066235864 0.19518716577540107
3 0.4333602584814216 0.5280748663101604 0.020193861066235864 0.17379679144385027
3 0.45920840064620355 0.5200534759358288 0.013731825525040387 0.15775401069518716
3 0.5803715670436187 0.5066844919786097 0.016962843295638127 0.17379679144385027
0 0.5278675282714055 0.49732620320855614 0.06381260096930533 0.12834224598930483
