1 0.5454911433172303 0.49466666666666664 0.026570048309178744 0.06133333333333333
1 0.24114331723027374 0.45866666666666667 0.2809983896940419 0.432
1 0.570450885668277 0.5026666666666667 0.039452495974235106 0.088
1 0.15539452495974235 0.756 0.3107890499194847 0.4826666666666667
1 0.4110305958132045 0.5146666666666667 0.026570048309178744 0.064
0 0.4971819645732689 0.4613333333333333 0.04911433172302738 0.08
0 0.44363929146537845 0.49066666666666664 0.03542673107890499 0.06933333333333333
0 0.854669887278583 0.44266666666666665 0.018518518518518517 0.037333333333333336
0 0.40458937198067635 0.45466666666666666 0.0249597423510467 0.04
0 0.6702898550724637 0.44 0.013687600644122383 0.02666666666666667
0 0.6847826086956522 0.44133333333333336 0.013687600644122383 0.034666666666666665
0 0.7282608695652174 0.44266666666666665 0.026570048309178744 0.042666666666666665
0 0.7616747181964574 0.44266666666666665 0.030595813204508857 0.042666666666666665
0 0.9037842190016103 0.44 0.026570048309178744 0.048
0 0.9299516908212561 0.44 0.027375201288244767 0.058666666666666666
0 0.9545088566827697 0.44266666666666665 0.029790660225442835 0.06933333333333333
0 0.9826892109500805 0.436 0.029790660225442835 0.06133333333333333
0 0.7041062801932367 0.44133333333333336 0.021739130434782608 0.04533333333333334
0 0.6477455716586151 0.43866666666666665 0.015297906602254429 0.029333333333333333
0 0.8707729468599034 0.448 0.012077294685990338 0.037333333333333336
0 0.8333333333333334 0.44266666666666665 0.014492753623188406 0.042666666666666665
0 0.8063607085346216 0.44266666666666665 0.05233494363929147 0.064
