2 0.7592592592592593 0.5133333333333333 0.03864734299516908 0.2
1 0.5865539452495975 0.504 0.0249597423510467 0.08
0 0.24194847020933977 0.524 0.039452495974235106 0.09333333333333334
0 0.5161030595813204 0.48133333333333334 0.028985507246376812 0.04533333333333334
0 0.2693236714975845 0.5066666666666667 0.04106280193236715 0.06933333333333333
0 0.2805958132045089 0.49733333333333335 0.061996779388083734 0.07733333333333334
0 0.3071658615136876 0.49866666666666665 0.0426731078904992 0.05333333333333334
0 0.3896940418679549 0.48 0.02576489533011272 0.037333333333333336
0 0.4323671497584541 0.4866666666666667 0.01932367149758454 0.04533333333333334
0 0.34541062801932365 0.47733333333333333 0.05314009661835749 0.058666666666666666
0 0.4178743961352657 0.48933333333333334 0.017713365539452495 0.029333333333333333
