1 0.43196457326892107 0.5506666666666666 0.021739130434782608 0.06666666666666667
1 0.4742351046698873 0.5386666666666666 0.027375201288244767 0.09066666666666667
0 0.3462157809983897 0.5053333333333333 0.06924315619967794 0.12533333333333332
0 0.16304347826086957 0.532 0.0426731078904992 0.09866666666666667
0 0.23550724637681159 0.512 0.020128824476650563 0.064
0 0.40217391304347827 0.516 0.0426731078904992 0.088
0 0.5305958132045089 0.5026666666666667 0.033816425120772944 0.04533333333333334
0 0.8240740740740741 0.5426666666666666 0.015297906602254429 0.050666666666666665
0 0.5656199677938808 0.508 0.02818035426731079 0.029333333333333333
0 0.5994363929146538 0.5106666666666667 0.026570048309178744 0.034666666666666665
0 0.6332528180354268 0.5133333333333333 0.03140096618357488 0.034666666666666665
0 0.6847826086956522 0.524 0.026570048309178744 0.034666666666666665
0 0.7628824476650563 0.5346666666666666 0.012077294685990338 0.04
0 0.8599033816425121 0.552 0.024154589371980676 0.06933333333333333
0 0.9057971014492754 0.5533333333333333 0.0322061191626409 0.06666666666666667
0 0.9826892109500805 0.548 0.029790660225442835 0.07733333333333334
0 0.7274557165861514 0.5253333333333333 0.023349436392914653 0.05333333333333334
0 0.6614331723027376 0.5106666666666667 0.03462157809983897 0.06133333333333333
0 0.7906602254428341 0.54 0.043478260869565216 0.09866666666666667
0 0.9412238325281803 0.5466666666666666 0.05475040257648953 0.12266666666666666
