1 0.5929951690821256 0.488 0.0249597423510467 0.06933333333333333
1 0.5314009661835749 0.49866666666666665 0.037037037037037035 0.08
1 0.30394524959742353 0.5426666666666666 0.06038647342995169 0.10933333333333334
1 0.40700483091787437 0.5133333333333333 0.029790660225442835 0.06666666666666667
0 0.5048309178743962 0.45866666666666667 0.05152979066022544 0.08533333333333333
0 0.25120772946859904 0.5266666666666666 0.027375201288244767 0.034666666666666665
0 0.4424315619967794 0.49466666666666664 0.016908212560386472 0.04533333333333334
0 0.5656199677938808 0.4786666666666667 0.016908212560386472 0.04533333333333334
0 0.6968599033816425 0.43866666666666665 0.1215780998389694 0.034666666666666665
0 0.9142512077294686 0.44266666666666665 0.16505636070853463 0.042666666666666665
0 0.19363929146537842 0.552 0.0748792270531401 0.07466666666666667
0 0.788647342995169 0.44666666666666666 0.08132045088566828 0.050666666666666665
