1 0.20571658615136876 0.66 0.1473429951690821 0.264
1 0.6018518518518519 0.568 0.08776167471819646 0.20266666666666666
1 0.29871175523349436 0.5973333333333334 0.09178743961352658 0.17066666666666666
1 0.35990338164251207 0.544 0.05636070853462158 0.13866666666666666
1 0.3836553945249597 0.5333333333333333 0.0426731078904992 0.10133333333333333
1 0.5201288244766505 0.492 0.01610305958132045 0.04533333333333334
0 0.43196457326892107 0.5053333333333333 0.020128824476650563 0.04
0 0.45893719806763283 0.5013333333333333 0.020933977455716585 0.042666666666666665
0 0.4851046698872786 0.476 0.010466988727858293 0.029333333333333333
0 0.020933977455716585 0.6066666666666667 0.04186795491143317 0.088
0 0.5535426731078905 0.4666666666666667 0.03784219001610306 0.05333333333333334
0 0.6557971014492754 0.46266666666666667 0.0861513687600644 0.06666666666666667
0 0.9891304347826086 0.4266666666666667 0.018518518518518517 0.17066666666666666
