1 0.22665056360708535 0.568 0.12318840579710146 0.144
1 0.391304347826087 0.5266666666666666 0.07085346215780998 0.104
1 0.21537842190016104 0.5373333333333333 0.09581320450885668 0.11466666666666667
1 0.394122383252818 0.5053333333333333 0.04911433172302738 0.08266666666666667
1 0.4694041867954911 0.4866666666666667 0.028985507246376812 0.06666666666666667
1 0.4851046698872786 0.5013333333333333 0.0426731078904992 0.07466666666666667
1 0.5829307568438004 0.484 0.020933977455716585 0.04533333333333334
0 0.711755233494364 0.444 0.08051529790660225 0.029333333333333333
0 0.8961352657004831 0.448 0.20450885668276972 0.021333333333333333
0 0.5579710144927537 0.4653333333333333 0.024154589371980676 0.034666666666666665
0 0.6260064412238325 0.4653333333333333 0.03462157809983897 0.04533333333333334
