1 0.12278582930756844 0.7466666666666667 0.24557165861513688 0.5013333333333333
1 0.32367149758454106 0.736 0.2721417069243156 0.5226666666666666
1 0.8687600644122383 0.7653333333333333 0.2608695652173913 0.464
1 0.4895330112721417 0.584 0.10628019323671498 0.24
1 0.5756843800322061 0.496 0.04186795491143317 0.10666666666666667
1 0.7024959742351047 0.552 0.0571658615136876 0.16533333333333333
1 0.6980676328502415 0.544 0.043478260869565216 0.11733333333333333
0 0.6634460547504025 0.468 0.027375201288244767 0.07733333333333334
0 0.6231884057971014 0.4613333333333333 0.03542673107890499 0.048
0 0.5974235104669887 0.49066666666666664 0.02254428341384863 0.058666666666666666
