1 0.7013888888888888 0.43648648648648647 0.07107843137254902 0.07837837837837838
1 0.45465686274509803 0.47162162162162163 0.022058823529411766 0.05675675675675676
2 0.49019607843137253 0.47162162162162163 0.017973856209150325 0.05675675675675676
3 0.5040849673202614 0.46756756756756757 0.006535947712418301 0.05945945945945946
3 0.3909313725490196 0.4837837837837838 0.008986928104575163 0.06486486486486487
0 0.6499183006535948 0.44324324324324327 0.03349673202614379 0.043243243243243246
0 0.35049019607843135 0.5013513513513513 0.0196078431372549 0.07837837837837838
0 0.0718954248366013 0.527027027027027 0.05555555555555555 0.06486486486486487
0 0.41748366013071897 0.4797297297297297 0.014705882352941176 0.05675675675675676
0 0.43423202614379086 0.46621621621621623 0.010620915032679739 0.03513513513513514
