1 0.4919484702093398 0.508 0.02576489533011272 0.08266666666666667
1 0.5595813204508857 0.476 0.04669887278582931 0.08266666666666667
1 0.10950080515297907 0.49333333333333335 0.21900161030595813 0.43733333333333335
1 0.27898550724637683 0.5386666666666666 0.04750402576489533 0.08533333333333333
1 0.355877616747182 0.512 0.02576489533011272 0.05333333333333334
0 0.3635265700483092 0.4866666666666667 0.021739130434782608 0.072
0 0.42592592592592593 0.4746666666666667 0.011272141706924315 0.02666666666666667
0 0.41183574879227053 0.49066666666666664 0.012077294685990338 0.021333333333333333
0 0.3132045088566828 0.516 0.020933977455716585 0.050666666666666665
0 0.24516908212560387 0.5413333333333333 0.03140096618357488 0.058666666666666666
