1 0.28019323671497587 0.5493333333333333 0.14492753623188406 0.224
1 0.3192431561996779 0.5346666666666666 0.1215780998389694 0.15733333333333333
1 0.6743156199677939 0.4653333333333333 0.05394524959742351 0.12
1 0.714170692431562 0.472 0.04830917874396135 0.08533333333333333
1 0.3498389694041868 0.5213333333333333 0.09742351046698873 0.10933333333333334
1 0.35829307568438 0.5186666666666667 0.07568438003220612 0.104
1 0.36996779388083734 0.5 0.0893719806763285 0.10933333333333334
0 0.4428341384863124 0.4653333333333333 0.03864734299516908 0.04533333333333334
0 0.6159420289855072 0.44666666666666666 0.02254428341384863 0.04
0 0.533816425120773 0.456 0.03542673107890499 0.048
0 0.7580515297906603 0.43866666666666665 0.04911433172302738 0.06133333333333333
0 0.501207729468599 0.45466666666666666 0.010466988727858293 0.06133333333333333
