1 0.6606280193236715 0.5706666666666667 0.11674718196457327 0.272
1 0.10748792270531402 0.776 0.21497584541062803 0.44266666666666665
1 0.23148148148148148 0.6666666666666666 0.1892109500805153 0.336
1 0.44122383252818037 0.5013333333333333 0.03542673107890499 0.08
1 0.6143317230273752 0.54 0.06280193236714976 0.14133333333333334
1 0.5942028985507246 0.5146666666666667 0.04669887278582931 0.12266666666666666
1 0.5833333333333334 0.5013333333333333 0.036231884057971016 0.096
1 0.4851046698872786 0.476 0.018518518518518517 0.04533333333333334
0 0.5096618357487923 0.45866666666666667 0.024154589371980676 0.02666666666666667
0 0.535426731078905 0.46 0.00966183574879227 0.04
0 0.5611916264090178 0.48 0.024154589371980676 0.06933333333333333
