1 0.19806763285024154 0.76 0.32367149758454106 0.4746666666666667
1 0.7596618357487923 0.7053333333333334 0.30998389694041867 0.584
1 0.6396940418679549 0.6573333333333333 0.13446054750402575 0.32266666666666666
0 0.3687600644122383 0.632 0.06924315619967794 0.14933333333333335
1 0.3965378421900161 0.5706666666666667 0.06360708534621579 0.15466666666666667
1 0.5776972624798712 0.5853333333333334 0.0893719806763285 0.19466666666666665
1 0.44122383252818037 0.5106666666666667 0.024154589371980676 0.06666666666666667
1 0.5173107890499195 0.5013333333333333 0.023349436392914653 0.064
0 0.4746376811594203 0.4746666666666667 0.007246376811594203 0.021333333333333333
0 0.49355877616747185 0.48133333333333334 0.01288244766505636 0.04
0 0.4601449275362319 0.49066666666666664 0.021739130434782608 0.06933333333333333
