1 0.7552334943639292 0.6453333333333333 0.2431561996779388 0.33066666666666666
1 0.11151368760064412 0.6373333333333333 0.22302737520128824 0.288
1 0.6876006441223832 0.616 0.18518518518518517 0.25066666666666665
1 0.14371980676328502 0.5866666666666667 0.18115942028985507 0.23466666666666666
1 0.17632850241545894 0.564 0.17552334943639292 0.22133333333333333
1 0.22745571658615138 0.548 0.12962962962962962 0.21066666666666667
1 0.24476650563607086 0.524 0.0998389694041868 0.14666666666666667
1 0.3804347826086957 0.5093333333333333 0.03140096618357488 0.06933333333333333
0 0.9166666666666666 0.548 0.04911433172302738 0.08266666666666667
0 0.3176328502415459 0.488 0.010466988727858293 0.032
0 0.355877616747182 0.49333333333333335 0.017713365539452495 0.037333333333333336
