1 0.9830917874396136 0.716 0.0322061191626409 0.488
1 0.8542673107890499 0.592 0.27375201288244766 0.5173333333333333
0 0.6940418679549114 0.6866666666666666 0.2995169082125604 0.25333333333333335
1 0.6231884057971014 0.58 0.19001610305958133 0.23733333333333334
2 0.025362318840579712 0.708 0.050724637681159424 0.47733333333333333
1 0.5269726247987118 0.5693333333333334 0.11835748792270531 0.16266666666666665
0 0.5466988727858293 0.5853333333333334 0.1111111111111111 0.17866666666666667
0 0.6324476650563607 0.492 0.050724637681159424 0.136
1 0.2918679549114332 0.5733333333333334 0.07004830917874397 0.12266666666666666
1 0.20048309178743962 0.5813333333333334 0.04830917874396135 0.128
1 0.1888083735909823 0.512 0.05877616747181964 0.224
0 0.12640901771336555 0.5226666666666666 0.01610305958132045 0.064
0 0.143317230273752 0.5186666666666667 0.00966183574879227 0.024
0 0.03260869565217391 0.7186666666666667 0.06521739130434782 0.552
0 0.07608695652173914 0.536 0.07648953301127215 0.10133333333333333
