1 0.1280193236714976 0.6306666666666667 0.1706924315619968 0.27466666666666667
1 0.28180354267310787 0.56 0.07890499194847021 0.13333333333333333
0 0.5809178743961353 0.456 0.029790660225442835 0.09066666666666667
1 0.3365539452495974 0.528 0.05314009661835749 0.12266666666666666
1 0.3643317230273752 0.5293333333333333 0.03784219001610306 0.08266666666666667
1 0.3828502415458937 0.5186666666666667 0.039452495974235106 0.088
1 0.4142512077294686 0.5106666666666667 0.02818035426731079 0.06133333333333333
0 0.45410628019323673 0.48933333333333334 0.01932367149758454 0.04
0 0.6171497584541062 0.46 0.010466988727858293 0.06133333333333333
0 0.6561996779388084 0.4666666666666667 0.008051529790660225 0.064
