1 0.5136876006441223 0.5666666666666667 0.0644122383252818 0.18933333333333333
1 0.4323671497584541 0.532 0.06280193236714976 0.16266666666666665
1 0.5201288244766505 0.516 0.04186795491143317 0.13066666666666665
1 0.9786634460547504 0.4493333333333333 0.04106280193236715 0.18933333333333333
1 0.92914653784219 0.444 0.13526570048309178 0.168
0 0.05233494363929147 0.5506666666666666 0.043478260869565216 0.07733333333333334
0 0.143317230273752 0.5306666666666666 0.10144927536231885 0.042666666666666665
0 0.34782608695652173 0.4866666666666667 0.02576489533011272 0.04
0 0.5962157809983897 0.4573333333333333 0.036231884057971016 0.034666666666666665
0 0.8297101449275363 0.44 0.06682769726247988 0.08
0 0.22262479871175522 0.5093333333333333 0.08132045088566828 0.05333333333333334
