2 0.7033011272141707 0.5866666666666667 0.0571658615136876 0.33066666666666666
3 0.6139291465378421 0.536 0.020128824476650563 0.22933333333333333
4 0.8743961352657005 0.6813333333333333 0.05636070853462158 0.264
4 0.9223027375201288 0.684 0.05877616747181964 0.24266666666666667
3 0.9404186795491143 0.588 0.04508856682769726 0.376
3 0.7721417069243156 0.5613333333333334 0.027375201288244767 0.248
3 0.748389694041868 0.5506666666666666 0.023349436392914653 0.22133333333333333
3 0.2532206119162641 0.544 0.023349436392914653 0.192
3 0.3111916264090177 0.5386666666666666 0.0249597423510467 0.18666666666666668
1 0.4718196457326892 0.4693333333333333 0.04669887278582931 0.12266666666666666
0 0.08454106280193237 0.5693333333333334 0.16264090177133655 0.168
0 0.2560386473429952 0.5506666666666666 0.08373590982286634 0.11466666666666667
0 0.355877616747182 0.49333333333333335 0.0322061191626409 0.13333333333333333
0 0.4227053140096618 0.5 0.05152979066022544 0.10933333333333334
0 0.6497584541062802 0.5653333333333334 0.030595813204508857 0.11733333333333333
0 0.6320450885668277 0.492 0.02254428341384863 0.07733333333333334
0 0.9746376811594203 0.596 0.021739130434782608 0.216
