3 0.5805152979066023 0.516 0.00966183574879227 0.088
0 0.07407407407407407 0.556 0.05636070853462158 0.10933333333333334
1 0.19243156199677938 0.5613333333333334 0.07890499194847021 0.12533333333333332
1 0.1610305958132045 0.5546666666666666 0.07729468599033816 0.11733333333333333
1 0.3252818035426731 0.5213333333333333 0.03542673107890499 0.06666666666666667
0 0.5398550724637681 0.496 0.012077294685990338 0.058666666666666666
0 0.6372785829307569 0.492 0.09420289855072464 0.050666666666666665
0 0.71658615136876 0.5653333333333334 0.13043478260869565 0.13333333333333333
0 0.5615942028985508 0.5053333333333333 0.012077294685990338 0.06133333333333333
0 0.4810789049919485 0.488 0.018518518518518517 0.02666666666666667
