1 0.29347826086956524 0.6586666666666666 0.15539452495974235 0.29333333333333333
1 0.13526570048309178 0.704 0.19806763285024154 0.31466666666666665
1 0.532608695652174 0.5173333333333333 0.03462157809983897 0.096
1 0.3687600644122383 0.5813333333333334 0.06924315619967794 0.15466666666666667
1 0.6670692431561996 0.492 0.11513687600644122 0.11466666666666667
1 0.6481481481481481 0.4746666666666667 0.0966183574879227 0.13333333333333333
1 0.8498389694041868 0.42133333333333334 0.10225442834138486 0.11733333333333333
0 0.49476650563607083 0.4826666666666667 0.007246376811594203 0.02666666666666667
0 0.42954911433172305 0.5106666666666667 0.04750402576489533 0.07733333333333334
0 0.47665056360708535 0.48133333333333334 0.011272141706924315 0.024
0 0.7665056360708534 0.43733333333333335 0.0998389694041868 0.08533333333333333
0 0.5648148148148148 0.4706666666666667 0.036231884057971016 0.056
0 0.6111111111111112 0.49066666666666664 0.06763285024154589 0.064
