1 0.9206924315619968 0.7266666666666667 0.1570048309178744 0.5413333333333333
1 0.7556360708534622 0.708 0.25523349436392917 0.47733333333333333
1 0.6227858293075684 0.58 0.08776167471819646 0.22666666666666666
1 0.29347826086956524 0.604 0.09098228663446055 0.18933333333333333
1 0.40096618357487923 0.528 0.028985507246376812 0.06933333333333333
1 0.5285829307568438 0.496 0.026570048309178744 0.06933333333333333
1 0.41264090177133655 0.5186666666666667 0.026570048309178744 0.06133333333333333
0 0.47342995169082125 0.4746666666666667 0.040257648953301126 0.058666666666666666
0 0.5056360708534622 0.4746666666666667 0.00966183574879227 0.032
0 0.44524959742351045 0.492 0.01610305958132045 0.029333333333333333
0 0.5487117552334944 0.46 0.021739130434782608 0.034666666666666665
0 0.6392914653784219 0.452 0.027375201288244767 0.056
