1 0.2773752012882448 0.5493333333333333 0.10869565217391304 0.13866666666666666
1 0.31280193236714976 0.5386666666666666 0.08776167471819646 0.10666666666666667
2 0.9440418679549114 0.5173333333333333 0.09420289855072464 0.32
2 0.8152173913043478 0.5093333333333333 0.04911433172302738 0.21333333333333335
2 0.7624798711755234 0.5093333333333333 0.01610305958132045 0.16
1 0.714170692431562 0.4613333333333333 0.024154589371980676 0.058666666666666666
0 0.48389694041867953 0.484 0.014492753623188406 0.04
0 0.4557165861513688 0.4706666666666667 0.03542673107890499 0.050666666666666665
0 0.6501610305958132 0.464 0.07809983896940419 0.064
0 0.8715780998389694 0.452 0.06521739130434782 0.088
