1 0.857085346215781 0.792 0.28421900161030594 0.4106666666666667
1 0.5619967793880838 0.548 0.06280193236714976 0.168
1 0.27012882447665054 0.58 0.14090177133655393 0.17866666666666667
1 0.2966988727858293 0.568 0.14895330112721417 0.16
1 0.3615136876006441 0.5293333333333333 0.09822866344605476 0.136
1 0.5374396135265701 0.5333333333333333 0.03462157809983897 0.096
3 0.09138486312399356 0.552 0.020128824476650563 0.20266666666666666
0 0.23832528180354268 0.676 0.1111111111111111 0.21066666666666667
0 0.17995169082125603 0.712 0.09742351046698873 0.31466666666666665
0 0.2689210950080515 0.624 0.09500805152979067 0.19733333333333333
0 0.29347826086956524 0.6173333333333333 0.07648953301127215 0.17333333333333334
0 0.10909822866344605 0.6906666666666667 0.11191626409017713 0.352
0 0.7181964573268921 0.756 0.17713365539452497 0.37066666666666664
0 0.4335748792270531 0.49866666666666665 0.04589371980676329 0.058666666666666666
0 0.4718196457326892 0.476 0.028985507246376812 0.034666666666666665
0 0.5088566827697263 0.5053333333333333 0.02254428341384863 0.056
