1 0.39573268921095006 0.56 0.05877616747181964 0.12266666666666666
1 0.12359098228663445 0.7053333333333334 0.22302737520128824 0.37066666666666664
1 0.3031400966183575 0.588 0.07648953301127215 0.14666666666666667
1 0.5189210950080515 0.5133333333333333 0.0249597423510467 0.072
1 0.6135265700483091 0.48933333333333334 0.08051529790660225 0.08266666666666667
1 0.604669887278583 0.48 0.06924315619967794 0.096
1 0.7644927536231884 0.44 0.0748792270531401 0.09066666666666667
0 0.4722222222222222 0.49066666666666664 0.013687600644122383 0.032
0 0.6896135265700483 0.44533333333333336 0.08132045088566828 0.07466666666666667
0 0.5487117552334944 0.4693333333333333 0.03784219001610306 0.058666666666666666
0 0.49798711755233493 0.49066666666666664 0.02818035426731079 0.048
0 0.4331723027375201 0.5213333333333333 0.03542673107890499 0.088
