1 0.744281045751634 0.43648648648648647 0.08823529411764706 0.0945945945945946
1 0.44730392156862747 0.49324324324324326 0.025326797385620915 0.06756756756756757
2 0.5106209150326797 0.4810810810810811 0.021241830065359478 0.06486486486486487
3 0.4897875816993464 0.48783783783783785 0.012254901960784314 0.06756756756756757
3 0.3815359477124183 0.49864864864864866 0.00980392156862745 0.07297297297297298
0 0.6683006535947712 0.44324324324324327 0.0392156862745098 0.04864864864864865
0 0.8345588235294118 0.4297297297297297 0.26062091503267976 0.16216216216216217
0 0.3382352941176471 0.5108108108108108 0.021241830065359478 0.07567567567567568
0 0.42116013071895425 0.48783783783783785 0.015522875816993464 0.07297297297297298
0 0.46772875816993464 0.48243243243243245 0.022058823529411766 0.06756756756756757
