1 0.10426731078904992 0.7293333333333333 0.20853462157809985 0.4026666666666667
1 0.15539452495974235 0.66 0.27053140096618356 0.296
1 0.19041867954911434 0.6266666666666667 0.22302737520128824 0.21866666666666668
1 0.25644122383252815 0.5866666666666667 0.1392914653784219 0.19733333333333333
1 0.6123188405797102 0.5986666666666667 0.107085346215781 0.23733333333333334
1 0.3534621578099839 0.5386666666666666 0.09500805152979067 0.12266666666666666
1 0.5515297906602254 0.5133333333333333 0.03864734299516908 0.104
1 0.3687600644122383 0.524 0.08051529790660225 0.088
1 0.5205314009661836 0.4613333333333333 0.016908212560386472 0.064
0 0.4335748792270531 0.488 0.050724637681159424 0.064
0 0.4750402576489533 0.46 0.04669887278582931 0.04
0 0.5092592592592593 0.4653333333333333 0.012077294685990338 0.029333333333333333
