1 0.8719806763285024 0.744 0.25442834138486314 0.5066666666666667
1 0.06561996779388084 0.6986666666666667 0.13123993558776167 0.512
1 0.14090177133655393 0.6466666666666666 0.28180354267310787 0.33866666666666667
1 0.17632850241545894 0.6093333333333333 0.19484702093397746 0.25333333333333335
1 0.27938808373590984 0.548 0.1143317230273752 0.168
1 0.30475040257648955 0.5453333333333333 0.10869565217391304 0.136
1 0.3321256038647343 0.516 0.11674718196457327 0.168
1 0.6207729468599034 0.5213333333333333 0.07407407407407407 0.104
1 0.5185185185185185 0.5053333333333333 0.030595813204508857 0.072
0 0.4106280193236715 0.47733333333333333 0.04669887278582931 0.07466666666666667
0 0.44847020933977455 0.464 0.028985507246376812 0.02666666666666667
0 0.4863123993558776 0.4746666666666667 0.02576489533011272 0.064
