1 0.7732843137254902 0.4486486486486487 0.10049019607843138 0.10810810810810811
1 0.4424019607843137 0.504054054054054 0.028594771241830064 0.07297297297297298
2 0.5232843137254902 0.49864864864864866 0.022058823529411766 0.07297297297297298
2 0.47998366013071897 0.5013513513513513 0.022058823529411766 0.07297297297297298
3 0.4758986928104575 0.5013513513513513 0.012254901960784314 0.07297297297297298
3 0.377859477124183 0.5108108108108108 0.012254901960784314 0.08108108108108109
0 0.6785130718954249 0.4648648648648649 0.03676470588235294 0.043243243243243246
0 0.3292483660130719 0.5324324324324324 0.0196078431372549 0.0972972972972973
0 0.5902777777777778 0.4756756756756757 0.015522875816993464 0.05405405405405406
0 0.7201797385620915 0.4554054054054054 0.035130718954248366 0.051351351351351354
