3 0.6239903069466882 0.6417112299465241 0.0444264943457189 0.3850267379679144
3 0.3226978998384491 0.6122994652406417 0.034733441033925685 0.32085561497326204
3 0.25646203554119545 0.6136363636363636 0.02988691437802908 0.3074866310160428
3 0.7661550888529887 0.6016042780748663 0.036348949919224556 0.3315508021390374
3 0.7225363489499192 0.5949197860962567 0.04281098546042003 0.3235294117647059
3 0.5367528271405493 0.5467914438502673 0.021809369951534735 0.20053475935828877
3 0.6284329563812601 0.6377005347593583 0.046849757673667204 0.339572192513369
3 0.5920840064620355 0.6189839572192514 0.029079159935379646 0.2914438502673797
3 0.5751211631663974 0.6016042780748663 0.029079159935379646 0.2620320855614973
3 0.6385298869143781 0.5721925133689839 0.04281098546042003 0.25668449197860965
3 0.651453957996769 0.5454545454545454 0.023424878836833602 0.20855614973262032
1 0.4624394184168013 0.5267379679144385 0.0395799676898223 0.10160427807486631
0 0.5072697899838449 0.49331550802139035 0.012924071082390954 0.05080213903743316
