1 0.857085346215781 0.7786666666666666 0.28421900161030594 0.43733333333333335
1 0.39049919484702095 0.6266666666666667 0.13365539452495975 0.2986666666666667
1 0.49476650563607083 0.512 0.0426731078904992 0.112
1 0.6300322061191627 0.568 0.06038647342995169 0.18133333333333335
2 0.5454911433172303 0.49333333333333335 0.007246376811594203 0.07466666666666667
1 0.6215780998389694 0.5506666666666666 0.04669887278582931 0.12533333333333332
0 0.5776972624798712 0.484 0.018518518518518517 0.06133333333333333
0 0.5305958132045089 0.4693333333333333 0.01288244766505636 0.048
0 0.18156199677938809 0.7173333333333334 0.36312399355877617 0.5546666666666666
0 0.5140901771336553 0.5106666666666667 0.02818035426731079 0.06666666666666667
