3 0.5285947712418301 0.46621621621621623 0.016339869281045753 0.15405405405405406
3 0.2173202614379085 0.5364864864864864 0.04084967320261438 0.3216216216216216
3 0.4334150326797386 0.46621621621621623 0.02369281045751634 0.1810810810810811
3 0.8974673202614379 0.7094594594594594 0.2034313725490196 0.5756756756756757
3 0.9138071895424836 0.6094594594594595 0.1707516339869281 0.7756756756756756
3 0.9562908496732027 0.7554054054054054 0.0857843137254902 0.4837837837837838
3 0.9828431372549019 0.7013513513513514 0.032679738562091505 0.5918918918918918
3 0.7030228758169934 0.7243243243243244 0.16094771241830066 0.5459459459459459
3 0.5388071895424836 0.6756756756756757 0.06781045751633986 0.5621621621621622
3 0.6441993464052288 0.6878378378378378 0.05800653594771242 0.5054054054054054
3 0.6997549019607843 0.6432432432432432 0.06454248366013073 0.5405405405405406
3 0.7777777777777778 0.6324324324324324 0.06699346405228758 0.5135135135135135
1 0.1090686274509804 0.49864864864864866 0.2181372549019608 0.9972972972972973
0 0.2769607843137255 0.5432432432432432 0.08986928104575163 0.32432432432432434
0 0.7303921568627451 0.35945945945945945 0.21568627450980393 0.0918918918918919
0 0.3574346405228758 0.4391891891891892 0.010620915032679739 0.07297297297297298
0 0.40441176470588236 0.43243243243243246 0.0196078431372549 0.10270270270270271
0 0.45383986928104575 0.45135135135135135 0.02042483660130719 0.11891891891891893
