1 0.030998389694041867 0.5293333333333333 0.061996779388083734 0.136
1 0.10990338164251208 0.52 0.06521739130434782 0.096
1 0.1320450885668277 0.4826666666666667 0.05636070853462158 0.08
1 0.48429951690821255 0.536 0.04911433172302738 0.16
1 0.20128824476650564 0.476 0.0322061191626409 0.06133333333333333
2 0.6183574879227053 0.5 0.00966183574879227 0.072
0 0.33373590982286633 0.4746666666666667 0.02818035426731079 0.032
0 0.3832528180354267 0.464 0.00644122383252818 0.021333333333333333
0 0.39814814814814814 0.464 0.007246376811594203 0.021333333333333333
0 0.4416264090177134 0.4533333333333333 0.012077294685990338 0.037333333333333336
