1 0.04186795491143317 0.7666666666666667 0.08373590982286634 0.4026666666666667
1 0.9677938808373591 0.5986666666666667 0.06280193236714976 0.6586666666666666
0 0.8321256038647343 0.7493333333333333 0.33413848631239934 0.3466666666666667
1 0.7733494363929146 0.5933333333333334 0.24557165861513688 0.2906666666666667
2 0.04830917874396135 0.7333333333333333 0.0966183574879227 0.528
1 0.644122383252818 0.5706666666666667 0.13848631239935588 0.18666666666666668
0 0.6747181964573269 0.5866666666666667 0.13526570048309178 0.208
0 0.7604669887278583 0.476 0.061996779388083734 0.152
1 0.3896940418679549 0.5733333333333334 0.06602254428341385 0.128
1 0.2999194847020934 0.5733333333333334 0.0426731078904992 0.128
1 0.29307568438003223 0.5106666666666667 0.05475040257648953 0.22133333333333333
0 0.2463768115942029 0.512 0.01288244766505636 0.05333333333333334
0 0.17914653784219 0.5306666666666666 0.071658615136876 0.048
0 0.22544283413848631 0.516 0.02254428341384863 0.04533333333333334
0 0.3421900161030596 0.5493333333333333 0.01932367149758454 0.042666666666666665
