1 0.06964573268921095 0.6786666666666666 0.1392914653784219 0.34933333333333333
1 0.14210950080515297 0.6026666666666667 0.19404186795491143 0.25066666666666665
1 0.1855877616747182 0.5893333333333334 0.15861513687600645 0.224
1 0.25885668276972623 0.552 0.071658615136876 0.13333333333333333
1 0.29549114331723025 0.5413333333333333 0.09500805152979067 0.12266666666666666
1 0.37318840579710144 0.5213333333333333 0.03462157809983897 0.08266666666666667
1 0.3836553945249597 0.516 0.033011272141706925 0.072
0 0.4086151368760064 0.508 0.026570048309178744 0.06133333333333333
0 0.4834943639291465 0.48133333333333334 0.020128824476650563 0.056
0 0.5314009661835749 0.4866666666666667 0.02254428341384863 0.06666666666666667
0 0.5547504025764896 0.4786666666666667 0.01288244766505636 0.034666666666666665
0 0.6980676328502415 0.44 0.09500805152979067 0.058666666666666666
0 0.8707729468599034 0.44 0.25201288244766507 0.096
