1 0.02576489533011272 0.7866666666666666 0.05152979066022544 0.42133333333333334
1 0.3776167471819646 0.528 0.05314009661835749 0.06933333333333333
0 0.4420289855072464 0.5 0.05152979066022544 0.034666666666666665
0 0.4975845410628019 0.504 0.01288244766505636 0.032
0 0.5140901771336553 0.48933333333333334 0.007246376811594203 0.024
0 0.6260064412238325 0.46266666666666667 0.11191626409017713 0.034666666666666665
0 0.712157809983897 0.44666666666666666 0.0571658615136876 0.024
0 0.8059581320450886 0.44133333333333336 0.12721417069243157 0.06666666666666667
0 0.4834943639291465 0.4866666666666667 0.018518518518518517 0.034666666666666665
0 0.40942028985507245 0.5133333333333333 0.04750402576489533 0.056
0 0.23309178743961353 0.5586666666666666 0.026570048309178744 0.136
