1 0.516116035455278 0.5651595744680851 0.0652699435938759 0.19414893617021275
1 0.031426269137792104 0.6728723404255319 0.06285253827558421 0.3351063829787234
1 0.21514907332796132 0.6848404255319149 0.21434327155519742 0.36436170212765956
0 0.3501208702659146 0.44813829787234044 0.1426269137792103 0.42819148936170215
0 0.43593875906526997 0.4507978723404255 0.03384367445608381 0.14627659574468085
1 0.10878323932312652 0.574468085106383 0.128928283642224 0.1595744680851064
1 0.21796937953263498 0.5093085106382979 0.08299758259468171 0.15159574468085107
1 0.5439161966156325 0.5212765957446809 0.0273972602739726 0.06914893617021277
1 0.5902497985495568 0.5066489361702128 0.0249798549556809 0.04521276595744681
0 0.16196615632554393 0.5 0.05640612409347301 0.10638297872340426
0 0.0362610797743755 0.6662234042553191 0.072522159548751 0.3537234042553192
