1 0.21900161030595813 0.572 0.061191626409017714 0.14666666666666667
1 0.17995169082125603 0.536 0.05877616747181964 0.13333333333333333
1 0.6227858293075684 0.5106666666666667 0.03784219001610306 0.072
0 0.6888083735909822 0.4866666666666667 0.012077294685990338 0.056
0 0.09219001610305957 0.5666666666666667 0.06521739130434782 0.06666666666666667
0 0.7733494363929146 0.4653333333333333 0.04911433172302738 0.06666666666666667
0 0.27053140096618356 0.5506666666666666 0.04186795491143317 0.08266666666666667
0 0.3172302737520129 0.52 0.024154589371980676 0.032
0 0.7234299516908212 0.48 0.012077294685990338 0.064
0 0.6690821256038647 0.49066666666666664 0.040257648953301126 0.042666666666666665
0 0.8256843800322061 0.47733333333333333 0.036231884057971016 0.042666666666666665
