1 0.055958132045088566 0.7213333333333334 0.11191626409017713 0.3333333333333333
1 0.0889694041867955 0.632 0.177938808373591 0.304
1 0.15499194847020933 0.616 0.19404186795491143 0.23466666666666666
1 0.23510466988727857 0.5733333333333334 0.13687600644122383 0.18133333333333335
1 0.30434782608695654 0.5426666666666666 0.05958132045088567 0.10933333333333334
1 0.33172302737520126 0.5333333333333333 0.07890499194847021 0.10133333333333333
1 0.39170692431562 0.5173333333333333 0.029790660225442835 0.07466666666666667
0 0.4967793880837359 0.4786666666666667 0.020933977455716585 0.034666666666666665
0 0.534219001610306 0.488 0.016908212560386472 0.05333333333333334
0 0.5559581320450886 0.4786666666666667 0.010466988727858293 0.04
0 0.4174718196457327 0.49333333333333335 0.02818035426731079 0.064
0 0.751207729468599 0.4266666666666667 0.20772946859903382 0.09066666666666667
0 0.9468599033816425 0.43733333333333335 0.10144927536231885 0.10666666666666667
0 0.4384057971014493 0.484 0.020128824476650563 0.024
0 0.5825281803542673 0.4613333333333333 0.020128824476650563 0.032
