1 0.1034621578099839 0.64 0.2069243156199678 0.256
1 0.17592592592592593 0.612 0.1859903381642512 0.21066666666666667
1 0.3136070853462158 0.5333333333333333 0.10386473429951691 0.144
1 0.392109500805153 0.516 0.05152979066022544 0.06666666666666667
2 0.6827697262479872 0.504 0.02576489533011272 0.13866666666666666
2 0.6513687600644122 0.5 0.017713365539452495 0.104
2 0.6340579710144928 0.5 0.013687600644122383 0.088
0 0.4967793880837359 0.496 0.020933977455716585 0.048
0 0.572866344605475 0.47733333333333333 0.07004830917874397 0.02666666666666667
0 0.7785829307568438 0.4573333333333333 0.11916264090177134 0.04533333333333334
0 0.46618357487922707 0.4866666666666667 0.017713365539452495 0.024
