2 0.7371175523349437 0.6026666666666667 0.06521739130434782 0.37866666666666665
3 0.6211755233494364 0.5493333333333333 0.021739130434782608 0.25066666666666665
4 0.9428341384863124 0.7266666666666667 0.07246376811594203 0.31733333333333336
4 0.9782608695652174 0.7373333333333333 0.04186795491143317 0.296
3 0.9887278582930756 0.6093333333333333 0.020933977455716585 0.424
3 0.7966988727858293 0.5706666666666667 0.03140096618357488 0.2773333333333333
3 0.7733494363929146 0.5613333333333334 0.026570048309178744 0.24266666666666667
3 0.23148148148148148 0.56 0.0249597423510467 0.20266666666666666
3 0.2942834138486312 0.5506666666666666 0.020128824476650563 0.20533333333333334
1 0.4669887278582931 0.4706666666666667 0.04830917874396135 0.12533333333333332
0 0.04106280193236715 0.576 0.05152979066022544 0.18133333333333335
0 0.1888083735909823 0.56 0.04911433172302738 0.128
0 0.42310789049919484 0.5133333333333333 0.036231884057971016 0.11466666666666667
0 0.6590177133655395 0.564 0.033011272141706925 0.136
0 0.6835748792270532 0.5333333333333333 0.017713365539452495 0.10133333333333333
0 0.391304347826087 0.484 0.0966183574879227 0.09333333333333334
