1 0.4971819645732689 0.5013333333333333 0.021739130434782608 0.06933333333333333
1 0.928743961352657 0.776 0.14090177133655393 0.44266666666666665
1 0.6010466988727858 0.5706666666666667 0.08132045088566828 0.19733333333333333
1 0.8192431561996779 0.732 0.3438003220611916 0.5306666666666666
1 0.17431561996779388 0.5946666666666667 0.1280193236714976 0.14933333333333335
1 0.048711755233494365 0.6013333333333334 0.09742351046698873 0.152
1 0.5805152979066023 0.548 0.05636070853462158 0.152
3 0.57085346215781 0.49866666666666665 0.008051529790660225 0.09066666666666667
1 0.5462962962962963 0.5106666666666667 0.033011272141706925 0.088
0 0.392512077294686 0.512 0.05233494363929147 0.06933333333333333
0 0.5209339774557166 0.48133333333333334 0.02254428341384863 0.06133333333333333
