1 0.47061191626409016 0.58 0.071658615136876 0.22666666666666666
1 0.4859098228663446 0.5333333333333333 0.05233494363929147 0.18133333333333335
1 0.6143317230273752 0.5813333333333334 0.09500805152979067 0.25066666666666665
1 0.5664251207729468 0.5506666666666666 0.06360708534621579 0.16266666666666665
1 0.5394524959742351 0.5253333333333333 0.043478260869565216 0.12266666666666666
1 0.30112721417069244 0.508 0.043478260869565216 0.06133333333333333
1 0.20974235104669886 0.5226666666666666 0.04911433172302738 0.064
0 0.34863123993558776 0.4866666666666667 0.01288244766505636 0.034666666666666665
0 0.16626409017713364 0.508 0.02818035426731079 0.050666666666666665
0 0.0499194847020934 0.5133333333333333 0.06763285024154589 0.056
