1 0.5785024154589372 0.5613333333333334 0.07971014492753623 0.20533333333333334
1 0.20571658615136876 0.6026666666666667 0.18760064412238325 0.23466666666666666
1 0.24919484702093397 0.5866666666666667 0.19082125603864733 0.20266666666666666
1 0.28502415458937197 0.5786666666666667 0.14170692431561996 0.17066666666666666
1 0.3413848631239936 0.5293333333333333 0.1143317230273752 0.15733333333333333
1 0.3272946859903382 0.548 0.09420289855072464 0.14666666666666667
1 0.5245571658615137 0.5133333333333333 0.026570048309178744 0.072
1 0.5434782608695652 0.536 0.040257648953301126 0.10666666666666667
0 0.0998389694041868 0.78 0.18035426731078905 0.328
0 0.16223832528180354 0.6893333333333334 0.15056360708534622 0.296
0 0.21215780998389694 0.6693333333333333 0.11191626409017713 0.24533333333333332
0 0.8772141706924316 0.8293333333333334 0.24396135265700483 0.336
0 0.4214975845410628 0.4866666666666667 0.05555555555555555 0.088
0 0.4617552334943639 0.47333333333333333 0.0249597423510467 0.06133333333333333
0 0.4943639291465378 0.476 0.011272141706924315 0.034666666666666665
0 0.48188405797101447 0.47333333333333333 0.005636070853462158 0.013333333333333334
0 0.5104669887278583 0.5013333333333333 0.030595813204508857 0.064
