1 0.5221417069243156 0.44533333333333336 0.04911433172302738 0.19733333333333333
1 0.017713365539452495 0.572 0.03542673107890499 0.12
1 0.0893719806763285 0.5493333333333333 0.0853462157809984 0.10133333333333333
1 0.15096618357487923 0.536 0.05555555555555555 0.08533333333333333
1 0.1956521739130435 0.524 0.04830917874396135 0.072
1 0.22665056360708535 0.5213333333333333 0.04428341384863124 0.06133333333333333
1 0.25684380032206117 0.5093333333333333 0.0322061191626409 0.058666666666666666
1 0.2757648953301127 0.5053333333333333 0.02818035426731079 0.050666666666666665
0 0.44323671497584544 0.45466666666666666 0.015297906602254429 0.029333333333333333
0 0.41264090177133655 0.4653333333333333 0.008856682769726247 0.024
0 0.3289049919484702 0.49066666666666664 0.07648953301127215 0.048
