3 0.7101449275362319 0.6186666666666667 0.04669887278582931 0.4746666666666667
3 0.08091787439613526 0.6173333333333333 0.04428341384863124 0.31733333333333336
3 0.14130434782608695 0.6066666666666667 0.04106280193236715 0.34933333333333333
4 0.7399355877616747 0.632 0.07246376811594203 0.24
4 0.04508856682769726 0.624 0.04830917874396135 0.15466666666666667
2 0.35829307568438 0.532 0.0322061191626409 0.184
1 0.44082125603864736 0.488 0.06038647342995169 0.15466666666666667
3 0.7198067632850241 0.5933333333333334 0.04508856682769726 0.376
2 0.4967793880837359 0.5133333333333333 0.033816425120772944 0.11466666666666667
0 0.38687600644122383 0.5 0.036231884057971016 0.056
0 0.6421095008051529 0.5173333333333333 0.021739130434782608 0.08
0 0.6751207729468599 0.6346666666666667 0.04106280193236715 0.20266666666666666
0 0.18639291465378421 0.5613333333333334 0.03140096618357488 0.168
0 0.27053140096618356 0.544 0.030595813204508857 0.11733333333333333
0 0.7801932367149759 0.5466666666666666 0.04669887278582931 0.18666666666666668
