1 0.49879227053140096 0.6066666666666667 0.08293075684380032 0.25866666666666666
1 0.962157809983897 0.752 0.07407407407407407 0.49066666666666664
1 0.38808373590982287 0.516 0.04508856682769726 0.10933333333333334
3 0.7028985507246377 0.5373333333333333 0.020933977455716585 0.17333333333333334
3 0.7822061191626409 0.5266666666666666 0.018518518518518517 0.13066666666666665
3 0.892512077294686 0.5213333333333333 0.016908212560386472 0.168
3 0.8345410628019324 0.5066666666666667 0.007246376811594203 0.10666666666666667
1 0.038244766505636074 0.5613333333333334 0.07648953301127215 0.09333333333333334
0 0.44001610305958133 0.4826666666666667 0.012077294685990338 0.037333333333333336
0 0.4194847020933977 0.49733333333333335 0.01610305958132045 0.04533333333333334
