1 0.8361513687600645 0.6586666666666666 0.32608695652173914 0.6773333333333333
1 0.6811594202898551 0.668 0.18035426731078905 0.38666666666666666
1 0.5587761674718197 0.5626666666666666 0.07890499194847021 0.17066666666666666
2 0.3667471819645733 0.5453333333333333 0.020128824476650563 0.152
1 0.32407407407407407 0.572 0.06360708534621579 0.14133333333333334
1 0.5140901771336553 0.5213333333333333 0.0571658615136876 0.14133333333333334
1 0.4665861513687601 0.5226666666666666 0.03462157809983897 0.08
2 0.38687600644122383 0.536 0.016908212560386472 0.13333333333333333
0 0.42673107890499196 0.5 0.017713365539452495 0.050666666666666665
0 0.4061996779388084 0.49066666666666664 0.020128824476650563 0.042666666666666665
0 0.44001610305958133 0.5173333333333333 0.018518518518518517 0.06933333333333333
