1 0.07206119162640902 0.6773333333333333 0.14412238325281804 0.30933333333333335
0 0.572463768115942 0.45066666666666666 0.033816425120772944 0.096
1 0.20652173913043478 0.576 0.11191626409017713 0.21333333333333335
1 0.2749597423510467 0.5653333333333334 0.0748792270531401 0.13333333333333333
1 0.3144122383252818 0.54 0.06521739130434782 0.13066666666666665
1 0.3691626409017713 0.5266666666666666 0.04106280193236715 0.08266666666666667
1 0.3884863123993559 0.5186666666666667 0.03462157809983897 0.072
0 0.4307568438003221 0.492 0.020933977455716585 0.04533333333333334
0 0.6179549114331723 0.4706666666666667 0.010466988727858293 0.056
0 0.6678743961352657 0.4746666666666667 0.010466988727858293 0.08533333333333333
0 0.5426731078904992 0.464 0.014492753623188406 0.032
