1 0.14371980676328502 0.6013333333333334 0.28743961352657005 0.792
1 0.7447665056360708 0.7333333333333333 0.24798711755233493 0.4533333333333333
1 0.9198872785829307 0.7893333333333333 0.15861513687600645 0.416
1 0.4001610305958132 0.5106666666666667 0.04669887278582931 0.12533333333333332
1 0.2725442834138486 0.6506666666666666 0.16988727858293076 0.384
1 0.6336553945249598 0.608 0.10789049919484701 0.25066666666666665
1 0.5785024154589372 0.5426666666666666 0.06521739130434782 0.15733333333333333
1 0.5491143317230274 0.5213333333333333 0.0499194847020934 0.12533333333333332
1 0.533011272141707 0.5093333333333333 0.03864734299516908 0.096
0 0.4826892109500805 0.46266666666666667 0.07648953301127215 0.06133333333333333
0 0.42673107890499196 0.484 0.027375201288244767 0.06133333333333333
