1 0.4975845410628019 0.6053333333333333 0.09339774557165861 0.29333333333333333
1 0.8921095008051529 0.7093333333333334 0.214170692431562 0.576
1 0.7930756843800322 0.6613333333333333 0.20611916264090177 0.3893333333333333
1 0.018518518518518517 0.5933333333333334 0.037037037037037035 0.2693333333333333
1 0.41988727858293073 0.492 0.029790660225442835 0.07733333333333334
3 0.6344605475040258 0.5133333333333333 0.020933977455716585 0.14666666666666667
3 0.7528180354267311 0.5 0.00966183574879227 0.104
3 0.8244766505636071 0.49866666666666665 0.011272141706924315 0.13866666666666666
3 0.7971014492753623 0.496 0.00644122383252818 0.096
1 0.09420289855072464 0.544 0.07407407407407407 0.08
0 0.020531400966183576 0.5933333333333334 0.04106280193236715 0.27466666666666667
0 0.3820450885668277 0.49866666666666665 0.026570048309178744 0.064
