2 0.18719806763285024 0.52 0.0249597423510467 0.09066666666666667
1 0.17431561996779388 0.548 0.07326892109500806 0.104
1 0.25442834138486314 0.49866666666666665 0.04830917874396135 0.09066666666666667
0 0.2834138486312399 0.5013333333333333 0.02576489533011272 0.064
0 0.37359098228663445 0.496 0.017713365539452495 0.037333333333333336
0 0.4005636070853462 0.484 0.010466988727858293 0.029333333333333333
0 0.427536231884058 0.484 0.03542673107890499 0.029333333333333333
0 0.321256038647343 0.48933333333333334 0.037037037037037035 0.056
0 0.533816425120773 0.4786666666666667 0.01932367149758454 0.04533333333333334
0 0.49879227053140096 0.4746666666666667 0.012077294685990338 0.037333333333333336
