1 0.23067632850241546 0.5826666666666667 0.18276972624798712 0.27466666666666667
1 0.2890499194847021 0.552 0.14492753623188406 0.18666666666666668
1 0.6924315619967794 0.4653333333333333 0.06280193236714976 0.13066666666666665
1 0.7347020933977456 0.47333333333333333 0.05555555555555555 0.09333333333333334
1 0.33172302737520126 0.536 0.1111111111111111 0.128
1 0.3421900161030596 0.5266666666666666 0.0853462157809984 0.11466666666666667
1 0.357487922705314 0.512 0.0998389694041868 0.12266666666666666
0 0.40096618357487923 0.4866666666666667 0.05636070853462158 0.072
0 0.4396135265700483 0.4746666666666667 0.0322061191626409 0.06933333333333333
0 0.6320450885668277 0.45066666666666666 0.04508856682769726 0.058666666666666666
0 0.785426731078905 0.44266666666666665 0.036231884057971016 0.058666666666666666
0 0.5314009661835749 0.46266666666666667 0.06763285024154589 0.06133333333333333
