1 0.9569243156199678 0.7533333333333333 0.08454106280193237 0.488
1 0.27697262479871176 0.6106666666666667 0.10950080515297907 0.21866666666666668
1 0.6871980676328503 0.6546666666666666 0.17310789049919484 0.36533333333333334
1 0.6159420289855072 0.5786666666666667 0.0966183574879227 0.21866666666666668
1 0.3325281803542673 0.5746666666666667 0.0644122383252818 0.152
3 0.6159420289855072 0.49866666666666665 0.014492753623188406 0.16
3 0.6276167471819646 0.496 0.013687600644122383 0.16
1 0.5869565217391305 0.5466666666666666 0.057971014492753624 0.144
0 0.04106280193236715 0.5826666666666667 0.0821256038647343 0.168
0 0.10628019323671498 0.5666666666666667 0.09178743961352658 0.09333333333333334
0 0.37318840579710144 0.49866666666666665 0.0426731078904992 0.042666666666666665
0 0.714170692431562 0.4706666666666667 0.06280193236714976 0.08266666666666667
