1 0.9702093397745571 0.744 0.057971014492753624 0.5066666666666667
1 0.47302737520128824 0.576 0.2181964573268921 0.288
1 0.011674718196457327 0.49066666666666664 0.023349436392914653 0.112
1 0.9842995169082126 0.6226666666666667 0.029790660225442835 0.312
1 0.7222222222222222 0.5453333333333333 0.0966183574879227 0.152
1 0.822866344605475 0.496 0.06280193236714976 0.112
0 0.013687600644122383 0.5213333333333333 0.027375201288244767 0.104
0 0.6243961352657005 0.46266666666666667 0.036231884057971016 0.072
0 0.8832528180354268 0.4653333333333333 0.040257648953301126 0.12
0 0.9520933977455717 0.4613333333333333 0.06038647342995169 0.07466666666666667
0 0.7564412238325282 0.452 0.10386473429951691 0.06666666666666667
