1 0.17954911433172302 0.6293333333333333 0.35909822866344604 0.736
1 0.0607890499194847 0.7866666666666666 0.1215780998389694 0.42133333333333334
1 0.9045893719806763 0.776 0.1892109500805153 0.44266666666666665
1 0.5696457326892109 0.5626666666666666 0.06682769726247988 0.16
1 0.41988727858293073 0.5186666666666667 0.029790660225442835 0.06666666666666667
1 0.358695652173913 0.568 0.06360708534621579 0.13866666666666666
1 0.3820450885668277 0.5453333333333333 0.05233494363929147 0.10933333333333334
1 0.27375201288244766 0.6453333333333333 0.12238325281803543 0.21333333333333335
0 0.44082125603864736 0.49066666666666664 0.0249597423510467 0.037333333333333336
0 0.4786634460547504 0.4746666666666667 0.018518518518518517 0.032
0 0.4581320450885668 0.48133333333333334 0.01932367149758454 0.024
0 0.5128824476650563 0.476 0.043478260869565216 0.034666666666666665
