1 0.9315619967793881 0.76 0.13526570048309178 0.4746666666666667
2 0.6662640901771336 0.588 0.03140096618357488 0.20533333333333334
1 0.38164251207729466 0.604 0.08051529790660225 0.21066666666666667
1 0.5865539452495975 0.5813333333333334 0.08454106280193237 0.224
1 0.5632045088566827 0.5666666666666667 0.0571658615136876 0.14666666666666667
1 0.5495169082125604 0.536 0.050724637681159424 0.144
1 0.4444444444444444 0.5226666666666666 0.028985507246376812 0.08
1 0.5314009661835749 0.5093333333333333 0.0322061191626409 0.10133333333333333
0 0.4750402576489533 0.488 0.01610305958132045 0.042666666666666665
0 0.5036231884057971 0.472 0.021739130434782608 0.037333333333333336
0 0.5152979066022544 0.508 0.030595813204508857 0.06133333333333333
