1 0.11312399355877617 0.7573333333333333 0.22624798711755234 0.4053333333333333
1 0.2572463768115942 0.632 0.12318840579710146 0.21866666666666668
1 0.9178743961352657 0.5093333333333333 0.16264090177133655 0.30933333333333335
1 0.8816425120772947 0.49066666666666664 0.16747181964573268 0.2613333333333333
1 0.8111916264090178 0.492 0.15861513687600645 0.216
1 0.748792270531401 0.496 0.13687600644122383 0.17066666666666666
1 0.34057971014492755 0.572 0.07407407407407407 0.136
1 0.604669887278583 0.5626666666666666 0.0853462157809984 0.18666666666666668
1 0.5744766505636071 0.536 0.05555555555555555 0.14933333333333335
0 0.41586151368760066 0.5213333333333333 0.05877616747181964 0.09333333333333334
0 0.48389694041867953 0.47733333333333333 0.02576489533011272 0.05333333333333334
0 0.535426731078905 0.516 0.04186795491143317 0.09333333333333334
0 0.38164251207729466 0.544 0.03864734299516908 0.10666666666666667
