1 0.8003220611916264 0.49866666666666665 0.3977455716586151 0.9973333333333333
1 0.10869565217391304 0.6546666666666666 0.21739130434782608 0.42933333333333334
1 0.14049919484702095 0.6173333333333333 0.2809983896940419 0.30666666666666664
1 0.2741545893719807 0.5493333333333333 0.17310789049919484 0.19733333333333333
1 0.357890499194847 0.5186666666666667 0.107085346215781 0.12
1 0.355475040257649 0.476 0.1280193236714976 0.20533333333333334
1 0.5575684380032206 0.532 0.050724637681159424 0.12533333333333332
1 0.6175523349436393 0.5146666666666667 0.06924315619967794 0.096
0 0.5088566827697263 0.468 0.01610305958132045 0.04533333333333334
0 0.4468599033816425 0.4746666666666667 0.06602254428341385 0.08
0 0.4963768115942029 0.46266666666666667 0.02818035426731079 0.034666666666666665
