1 0.0893719806763285 0.7893333333333333 0.178743961352657 0.416
1 0.9053945249597424 0.752 0.18760064412238325 0.49066666666666664
1 0.6219806763285024 0.5973333333333334 0.11835748792270531 0.2773333333333333
3 0.23268921095008052 0.6773333333333333 0.0644122383252818 0.352
1 0.30636070853462155 0.5413333333333333 0.1247987117552335 0.18666666666666668
0 0.5813204508856683 0.46 0.09178743961352658 0.3333333333333333
1 0.5523349436392915 0.49066666666666664 0.0499194847020934 0.16
1 0.44847020933977455 0.4866666666666667 0.01932367149758454 0.056
0 0.4746376811594203 0.4706666666666667 0.021739130434782608 0.050666666666666665
0 0.5273752012882448 0.48933333333333334 0.037037037037037035 0.09333333333333334
