3 0.5032310177705978 0.5401069518716578 0.017770597738287562 0.18181818181818182
3 0.5121163166397416 0.5334224598930482 0.024232633279483037 0.20588235294117646
3 0.7524232633279483 0.7018716577540107 0.0912762520193861 0.5909090909090909
3 0.9483037156704361 0.6524064171122995 0.10177705977382875 0.6898395721925134
3 0.47576736672051695 0.5588235294117647 0.029079159935379646 0.24064171122994651
1 0.38004846526655894 0.5628342245989305 0.1332794830371567 0.339572192513369
1 0.43901453957996767 0.5267379679144385 0.07027463651050081 0.2192513368983957
4 0.7439418416801292 0.6296791443850267 0.05331179321486268 0.2700534759358289
0 0.6134894991922456 0.4946524064171123 0.016962843295638127 0.11229946524064172
0 0.8134087237479806 0.6203208556149733 0.046849757673667204 0.26737967914438504
0 0.6999192245557351 0.5815508021390374 0.03150242326332795 0.20588235294117646
