1 0.2214170692431562 0.5333333333333333 0.10305958132045089 0.112
1 0.3305152979066023 0.49466666666666664 0.07326892109500806 0.104
3 0.7181964573268921 0.5386666666666666 0.01932367149758454 0.208
1 0.38486312399355876 0.508 0.0644122383252818 0.088
1 0.5265700483091788 0.48133333333333334 0.024154589371980676 0.050666666666666665
1 0.4851046698872786 0.49866666666666665 0.0426731078904992 0.06933333333333333
0 0.5567632850241546 0.476 0.029790660225442835 0.06133333333333333
0 0.6360708534621579 0.472 0.02576489533011272 0.064
0 0.6743156199677939 0.46266666666666667 0.0249597423510467 0.04533333333333334
0 0.8486312399355878 0.46 0.23993558776167473 0.06133333333333333
0 0.1388888888888889 0.49733333333333335 0.04911433172302738 0.11466666666666667
