1 0.9460547504025765 0.5613333333333334 0.10628019323671498 0.33866666666666667
1 0.05233494363929147 0.74 0.10466988727858294 0.504
1 0.11956521739130435 0.628 0.2391304347826087 0.42933333333333334
1 0.25120772946859904 0.5533333333333333 0.1819645732689211 0.23733333333333334
1 0.2805958132045089 0.552 0.16183574879227053 0.17066666666666666
1 0.15619967793880837 0.5986666666666667 0.24798711755233493 0.2693333333333333
1 0.39855072463768115 0.5066666666666667 0.0821256038647343 0.08533333333333333
1 0.8856682769726248 0.5226666666666666 0.13526570048309178 0.18133333333333335
1 0.5841384863123994 0.508 0.0893719806763285 0.104
1 0.5748792270531401 0.49466666666666664 0.08373590982286634 0.10933333333333334
0 0.49557165861513686 0.48 0.013687600644122383 0.08533333333333333
0 0.428341384863124 0.48933333333333334 0.04508856682769726 0.08266666666666667
