1 0.4927536231884058 0.5333333333333333 0.043478260869565216 0.11733333333333333
1 0.1252012882447665 0.5533333333333333 0.250402576489533 0.888
1 0.2777777777777778 0.6053333333333333 0.1723027375201288 0.23466666666666666
1 0.37278582930756843 0.52 0.0998389694041868 0.15466666666666667
1 0.38768115942028986 0.504 0.0748792270531401 0.13866666666666666
1 0.4174718196457327 0.49333333333333335 0.05877616747181964 0.096
1 0.5394524959742351 0.476 0.03864734299516908 0.12
1 0.48711755233494364 0.5053333333333333 0.027375201288244767 0.08266666666666667
1 0.3289049919484702 0.5413333333333333 0.1537842190016103 0.24533333333333332
1 0.20249597423510468 0.46266666666666667 0.11674718196457327 0.216
0 0.9541062801932367 0.5066666666666667 0.08695652173913043 0.06933333333333333
0 0.45692431561996777 0.47733333333333333 0.03462157809983897 0.06933333333333333
