1 0.37922705314009664 0.5226666666666666 0.03542673107890499 0.10133333333333333
1 0.3276972624798712 0.5026666666666667 0.043478260869565216 0.10933333333333334
1 0.23349436392914655 0.5986666666666667 0.0853462157809984 0.168
1 0.1610305958132045 0.604 0.09500805152979067 0.152
3 0.3538647342995169 0.524 0.007246376811594203 0.06666666666666667
1 0.9967793880837359 0.5773333333333334 0.004830917874396135 0.36533333333333334
1 0.19806763285024154 0.5346666666666666 0.05958132045088567 0.06133333333333333
1 0.7467793880837359 0.48 0.033011272141706925 0.058666666666666666
0 0.8160225442834138 0.456 0.010466988727858293 0.05333333333333334
0 0.9484702093397746 0.4533333333333333 0.05636070853462158 0.064
0 0.7906602254428341 0.45866666666666667 0.028985507246376812 0.064
0 0.4053945249597424 0.5186666666666667 0.021739130434782608 0.056
0 0.057971014492753624 0.6373333333333333 0.07890499194847021 0.08533333333333333
0 0.8719806763285024 0.45866666666666667 0.05958132045088567 0.06933333333333333
