1 0.8128019323671497 0.49866666666666665 0.37278582930756843 0.9973333333333333
1 0.07407407407407407 0.7026666666666667 0.14814814814814814 0.568
1 0.12037037037037036 0.652 0.24074074074074073 0.37066666666666664
1 0.24516908212560387 0.568 0.19887278582930756 0.224
1 0.3474235104669887 0.528 0.11674718196457327 0.128
1 0.3470209339774557 0.48133333333333334 0.13848631239935588 0.22133333333333333
1 0.5636070853462157 0.5426666666666666 0.05636070853462158 0.136
1 0.6252012882447665 0.5133333333333333 0.0748792270531401 0.104
0 0.6203703703703703 0.5986666666666667 0.0426731078904992 0.20533333333333334
0 0.5116747181964574 0.47733333333333333 0.016908212560386472 0.048
0 0.4444444444444444 0.468 0.05958132045088567 0.08266666666666667
0 0.48792270531400966 0.45866666666666667 0.03542673107890499 0.042666666666666665
