3 0.3393719806763285 0.6613333333333333 0.04106280193236715 0.37333333333333335
3 0.30112721417069244 0.6546666666666666 0.04508856682769726 0.3973333333333333
3 0.605072463768116 0.5573333333333333 0.03140096618357488 0.2613333333333333
3 0.6396940418679549 0.5493333333333333 0.033011272141706925 0.26666666666666666
2 0.7210144927536232 0.5573333333333333 0.026570048309178744 0.16533333333333333
2 0.7520128824476651 0.536 0.043478260869565216 0.17066666666666666
3 0.2725442834138486 0.5706666666666667 0.026570048309178744 0.24533333333333332
0 0.5237520128824477 0.47733333333333333 0.018518518518518517 0.037333333333333336
0 0.4855072463768116 0.49466666666666664 0.014492753623188406 0.056
0 0.5660225442834138 0.5213333333333333 0.028985507246376812 0.056
