1 0.07971014492753623 0.7786666666666666 0.15942028985507245 0.43733333333333335
1 0.6690821256038647 0.628 0.15619967793880837 0.328
1 0.21618357487922704 0.6533333333333333 0.1537842190016103 0.256
1 0.3272946859903382 0.5653333333333334 0.07648953301127215 0.176
1 0.45410628019323673 0.5026666666666667 0.024154589371980676 0.056
1 0.36272141706924316 0.54 0.05394524959742351 0.12
1 0.3973429951690821 0.524 0.03462157809983897 0.07733333333333334
1 0.5237520128824477 0.492 0.018518518518518517 0.050666666666666665
1 0.5881642512077294 0.4786666666666667 0.05394524959742351 0.056
0 0.42592592592592593 0.5053333333333333 0.02254428341384863 0.06133333333333333
0 0.4859098228663446 0.4666666666666667 0.010466988727858293 0.042666666666666665
0 0.6807568438003221 0.4826666666666667 0.29549114331723025 0.096
0 0.5116747181964574 0.47733333333333333 0.02818035426731079 0.037333333333333336
