1 0.33454106280193235 0.552 0.04106280193236715 0.11733333333333333
1 0.286231884057971 0.5293333333333333 0.04750402576489533 0.11466666666666667
1 0.13003220611916264 0.6666666666666666 0.13123993558776167 0.23466666666666666
1 0.055958132045088566 0.6706666666666666 0.11191626409017713 0.20533333333333334
1 0.143317230273752 0.5666666666666667 0.06763285024154589 0.06666666666666667
1 0.7069243156199678 0.496 0.033816425120772944 0.064
0 0.2181964573268921 0.544 0.04508856682769726 0.05333333333333334
0 0.36553945249597425 0.5386666666666666 0.02576489533011272 0.09066666666666667
0 0.8828502415458938 0.464 0.10386473429951691 0.08533333333333333
0 0.8079710144927537 0.468 0.012077294685990338 0.07733333333333334
0 0.7544283413848631 0.472 0.0499194847020934 0.06933333333333333
