1 0.2894524959742351 0.6066666666666667 0.08776167471819646 0.17866666666666667
1 0.572061191626409 0.544 0.061996779388083734 0.14933333333333335
1 0.33816425120772947 0.576 0.0644122383252818 0.128
1 0.38003220611916266 0.5386666666666666 0.04508856682769726 0.112
1 0.3961352657004831 0.5306666666666666 0.03542673107890499 0.08533333333333333
1 0.9480676328502415 0.4186666666666667 0.10225442834138486 0.15466666666666667
1 0.035829307568438 0.6066666666666667 0.071658615136876 0.13066666666666665
0 0.4476650563607085 0.49733333333333335 0.0499194847020934 0.04533333333333334
0 0.5157004830917874 0.4866666666666667 0.015297906602254429 0.034666666666666665
0 0.4967793880837359 0.48133333333333334 0.030595813204508857 0.04
0 0.4170692431561997 0.5253333333333333 0.02254428341384863 0.06933333333333333
0 0.6086956521739131 0.46266666666666667 0.1143317230273752 0.06133333333333333
