1 0.5096618357487923 0.5613333333333334 0.05152979066022544 0.14133333333333334
3 0.7000805152979066 0.5266666666666666 0.020128824476650563 0.14666666666666667
1 0.8268921095008052 0.512 0.0966183574879227 0.09066666666666667
1 0.3413848631239936 0.532 0.03542673107890499 0.072
2 0.6135265700483091 0.5093333333333333 0.03542673107890499 0.09066666666666667
1 0.533011272141707 0.5026666666666667 0.027375201288244767 0.09866666666666667
3 0.4396135265700483 0.5226666666666666 0.008051529790660225 0.096
1 0.48792270531400966 0.5373333333333333 0.033816425120772944 0.104
0 0.392109500805153 0.5093333333333333 0.05958132045088567 0.05333333333333334
0 0.4677938808373591 0.496 0.02254428341384863 0.06933333333333333
