2 0.7701288244766505 0.544 0.0571658615136876 0.2986666666666667
3 0.7958937198067633 0.5346666666666666 0.02818035426731079 0.22133333333333333
3 0.8236714975845411 0.5306666666666666 0.027375201288244767 0.224
0 0.8091787439613527 0.5733333333333334 0.033816425120772944 0.128
2 0.6340579710144928 0.5013333333333333 0.013687600644122383 0.112
0 0.9134460547504025 0.47733333333333333 0.15056360708534622 0.07466666666666667
0 0.6296296296296297 0.464 0.21739130434782608 0.02666666666666667
0 0.6960547504025765 0.49866666666666665 0.08454106280193237 0.042666666666666665
0 0.39492753623188404 0.484 0.012077294685990338 0.024
0 0.45692431561996777 0.47733333333333333 0.012077294685990338 0.032
