1 0.8760064412238325 0.7253333333333334 0.2463768115942029 0.544
1 0.12600644122383253 0.744 0.25201288244766507 0.4266666666666667
1 0.7137681159420289 0.656 0.2037037037037037 0.37866666666666665
1 0.3522544283413849 0.5373333333333333 0.061996779388083734 0.136
1 0.5946054750402576 0.544 0.07971014492753623 0.18133333333333335
1 0.572061191626409 0.5213333333333333 0.0571658615136876 0.136
1 0.3788244766505636 0.5213333333333333 0.04106280193236715 0.104
0 0.18156199677938809 0.508 0.14090177133655393 0.15733333333333333
0 0.5909822866344605 0.46 0.028985507246376812 0.12
0 0.677938808373591 0.444 0.05475040257648953 0.08266666666666667
