1 0.16988727858293076 0.5106666666666667 0.07568438003220612 0.12533333333333332
0 0.21980676328502416 0.5133333333333333 0.03542673107890499 0.08266666666666667
1 0.3188405797101449 0.5133333333333333 0.037037037037037035 0.056
1 0.2822061191626409 0.49866666666666665 0.04106280193236715 0.06933333333333333
0 0.3711755233494364 0.492 0.017713365539452495 0.04
0 0.40901771336553944 0.48533333333333334 0.043478260869565216 0.037333333333333336
0 0.538647342995169 0.49066666666666664 0.024154589371980676 0.037333333333333336
0 0.49879227053140096 0.4826666666666667 0.008856682769726247 0.016
0 0.4609500805152979 0.4866666666666667 0.007246376811594203 0.018666666666666668
0 0.5805152979066023 0.4826666666666667 0.04508856682769726 0.032
