1 0.9566993464052288 0.4527027027027027 0.08496732026143791 0.20270270270270271
1 0.42116013071895425 0.5202702702702703 0.04330065359477124 0.10540540540540541
2 0.5996732026143791 0.4743243243243243 0.032679738562091505 0.1
2 0.548202614379085 0.4918918918918919 0.029411764705882353 0.0972972972972973
2 0.47875816993464054 0.4783783783783784 0.024509803921568627 0.07567567567567568
2 0.2937091503267974 0.5297297297297298 0.031862745098039214 0.11351351351351352
3 0.37949346405228757 0.49864864864864866 0.018790849673202614 0.1
1 0.7953431372549019 0.43243243243243246 0.06781045751633986 0.07027027027027027
0 0.5093954248366013 0.4608108108108108 0.02696078431372549 0.04594594594594595
0 0.7316176470588235 0.4581081081081081 0.056372549019607844 0.07297297297297298
0 0.8700980392156863 0.4175675675675676 0.05555555555555555 0.07297297297297298
