3 0.5630048465266559 0.68048128342246 0.05654281098546042 0.5106951871657754
3 0.6155088852988692 0.6697860962566845 0.06623586429725363 0.5267379679144385
3 0.1991114701130856 0.6697860962566845 0.06704361873990307 0.516042780748663
2 0.23424878836833601 0.7018716577540107 0.12924071082390953 0.5909090909090909
3 0.6441841680129241 0.5280748663101604 0.025040387722132473 0.20053475935828877
3 0.6627625201938611 0.49732620320855614 0.012116316639741519 0.1443850267379679
3 0.6918416801292407 0.553475935828877 0.023424878836833602 0.25133689839572193
1 0.4349757673667205 0.5013368983957219 0.03796445880452343 0.11497326203208556
0 0.3509693053311793 0.5427807486631016 0.05896607431340872 0.18716577540106952
0 0.48546042003231016 0.4946524064171123 0.04038772213247173 0.10160427807486631
0 0.7136510500807755 0.5481283422459893 0.018578352180936994 0.18181818181818182
