1 0.535426731078905 0.5146666666666667 0.028985507246376812 0.07466666666666667
1 0.3965378421900161 0.496 0.08293075684380032 0.112
1 0.3506441223832528 0.5506666666666666 0.10386473429951691 0.12533333333333332
1 0.3309178743961353 0.5546666666666666 0.10789049919484701 0.144
1 0.23027375201288244 0.6013333333333334 0.18357487922705315 0.21066666666666667
1 0.11835748792270531 0.6893333333333334 0.23671497584541062 0.344
1 0.7954911433172303 0.7266666666666667 0.37037037037037035 0.5413333333333333
1 0.5233494363929146 0.484 0.030595813204508857 0.088
0 0.12198067632850242 0.928 0.24396135265700483 0.13333333333333333
0 0.47342995169082125 0.47333333333333333 0.061191626409017714 0.08266666666666667
