1 0.8305152979066023 0.736 0.33735909822866345 0.5226666666666666
1 0.0853462157809984 0.784 0.1706924315619968 0.4266666666666667
1 0.26006441223832527 0.596 0.12238325281803543 0.248
1 0.4396135265700483 0.512 0.030595813204508857 0.06933333333333333
1 0.32367149758454106 0.5573333333333333 0.07407407407407407 0.15466666666666667
1 0.37640901771336555 0.5333333333333333 0.0426731078904992 0.09066666666666667
1 0.5201288244766505 0.49333333333333335 0.01932367149758454 0.058666666666666666
1 0.5913848631239935 0.476 0.06038647342995169 0.06133333333333333
1 0.7185990338164251 0.44133333333333336 0.05877616747181964 0.072
0 0.4102254428341385 0.512 0.021739130434782608 0.07466666666666667
0 0.47906602254428343 0.472 0.01288244766505636 0.042666666666666665
0 0.894524959742351 0.44266666666666665 0.1642512077294686 0.07466666666666667
0 0.6545893719806763 0.44666666666666666 0.04830917874396135 0.056
0 0.5543478260869565 0.464 0.04589371980676329 0.064
0 0.499194847020934 0.4746666666666667 0.01288244766505636 0.037333333333333336
0 0.4577294685990338 0.488 0.015297906602254429 0.05333333333333334
