1 0.3003220611916264 0.6 0.08051529790660225 0.16533333333333333
1 0.5676328502415459 0.536 0.057971014492753624 0.13866666666666666
1 0.3446054750402576 0.5706666666666667 0.061191626409017714 0.12266666666666666
1 0.3828502415458937 0.5346666666666666 0.0426731078904992 0.10933333333333334
1 0.39814814814814814 0.5266666666666666 0.03462157809983897 0.08266666666666667
1 0.9363929146537843 0.416 0.10466988727858294 0.14933333333333335
1 0.043478260869565216 0.6066666666666667 0.08695652173913043 0.13066666666666665
0 0.46980676328502413 0.5013333333333333 0.107085346215781 0.096
0 0.6272141706924316 0.448 0.0644122383252818 0.07466666666666667
0 0.5680354267310789 0.448 0.02818035426731079 0.02666666666666667
