1 0.3417874396135266 0.5813333333333334 0.0571658615136876 0.128
1 0.5523349436392915 0.528 0.04508856682769726 0.112
1 0.37037037037037035 0.5626666666666666 0.04669887278582931 0.10133333333333333
1 0.3977455716586151 0.5346666666666666 0.03542673107890499 0.09333333333333334
1 0.40942028985507245 0.524 0.029790660225442835 0.072
1 0.8723832528180354 0.416 0.08293075684380032 0.128
1 0.03341384863123994 0.612 0.06682769726247988 0.104
1 0.06642512077294686 0.612 0.08132045088566828 0.09866666666666667
1 0.10587761674718196 0.604 0.0861513687600644 0.10933333333333334
0 0.4726247987117552 0.5066666666666667 0.09339774557165861 0.09066666666666667
0 0.9420289855072463 0.39066666666666666 0.09500805152979067 0.15733333333333333
0 0.642914653784219 0.45466666666666666 0.1280193236714976 0.056
