3 0.37075928917609047 0.6537433155080213 0.04361873990306947 0.3235294117647059
3 0.7233441033925686 0.5641711229946524 0.03150242326332795 0.25133689839572193
3 0.3150242326332795 0.6189839572192514 0.0210016155088853 0.30213903743315507
3 0.4087237479806139 0.5815508021390374 0.030694668820678513 0.23796791443850268
3 0.6421647819063004 0.5414438502673797 0.027463651050080775 0.21657754010695188
3 0.48909531502423265 0.5401069518716578 0.015347334410339256 0.1711229946524064
3 0.46163166397415184 0.5294117647058824 0.012116316639741519 0.13903743315508021
3 0.46607431340872374 0.5133689839572193 0.017770597738287562 0.12834224598930483
1 0.77140549273021 0.49866310160427807 0.0032310177705977385 0.9973262032085561
0 0.44063004846526654 0.5307486631016043 0.020193861066235864 0.14705882352941177
0 0.5355411954765751 0.5053475935828877 0.0630048465266559 0.12834224598930483
0 0.8873182552504039 0.49732620320855614 0.22213247172859452 0.9946524064171123
