1 0.026570048309178744 0.8053333333333333 0.05314009661835749 0.384
1 0.15499194847020933 0.7066666666666667 0.21175523349436393 0.336
1 0.9706119162640902 0.528 0.0571658615136876 0.37333333333333335
1 0.9110305958132046 0.52 0.17632850241545894 0.30933333333333335
1 0.8357487922705314 0.52 0.19001610305958133 0.22933333333333333
1 0.3035426731078905 0.5986666666666667 0.0998389694041868 0.17866666666666667
1 0.6525764895330113 0.6093333333333333 0.1280193236714976 0.2693333333333333
1 0.5986312399355878 0.5586666666666666 0.0748792270531401 0.18933333333333333
1 0.35185185185185186 0.5653333333333334 0.057971014492753624 0.13333333333333333
1 0.5640096618357487 0.5293333333333333 0.04750402576489533 0.10933333333333334
1 0.5495169082125604 0.5253333333333333 0.039452495974235106 0.09066666666666667
0 0.010869565217391304 0.8333333333333334 0.021739130434782608 0.32266666666666666
0 0.30676328502415456 0.4826666666666667 0.04508856682769726 0.02666666666666667
0 0.1638486312399356 0.5173333333333333 0.04106280193236715 0.037333333333333336
0 0.01570048309178744 0.564 0.03140096618357488 0.17333333333333334
0 0.4074074074074074 0.528 0.06763285024154589 0.096
0 0.47624798711755234 0.4826666666666667 0.02818035426731079 0.058666666666666666
0 0.5301932367149759 0.5066666666666667 0.029790660225442835 0.06933333333333333
