1 0.3075684380032206 0.596 0.0998389694041868 0.216
2 0.42391304347826086 0.5213333333333333 0.016908212560386472 0.12
2 0.4388083735909823 0.5213333333333333 0.014492753623188406 0.10933333333333334
1 0.3888888888888889 0.5333333333333333 0.04508856682769726 0.096
2 0.4440418679549114 0.5026666666666667 0.012077294685990338 0.07733333333333334
1 0.5205314009661836 0.49866666666666665 0.021739130434782608 0.058666666666666666
1 0.6151368760064412 0.6 0.1111111111111111 0.2826666666666667
0 0.010064412238325281 0.9293333333333333 0.020128824476650563 0.13066666666666665
0 0.500402576489533 0.4826666666666667 0.010466988727858293 0.032
0 0.5475040257648953 0.4693333333333333 0.014492753623188406 0.037333333333333336
