2 0.6797385620915033 0.5594594594594594 0.042483660130718956 0.31351351351351353
3 0.5437091503267973 0.5702702702702702 0.031862745098039214 0.25405405405405407
0 0.380718954248366 0.5472972972972973 0.0392156862745098 0.22972972972972974
2 0.39869281045751637 0.5148648648648648 0.029411764705882353 0.14864864864864866
3 0.6858660130718954 0.5054054054054054 0.02042483660130719 0.2
3 0.5522875816993464 0.4797297297297297 0.014705882352941176 0.11621621621621622
3 0.5392156862745098 0.4851351351351351 0.013071895424836602 0.11081081081081082
3 0.5433006535947712 0.4837837837837838 0.011437908496732025 0.10810810810810811
3 0.5829248366013072 0.46621621621621623 0.008986928104575163 0.11081081081081082
3 0.5943627450980392 0.46621621621621623 0.015522875816993464 0.12162162162162163
0 0.46854575163398693 0.45675675675675675 0.01715686274509804 0.04864864864864865
0 0.7953431372549019 0.4689189189189189 0.02696078431372549 0.11081081081081082
0 0.44812091503267976 0.4608108108108108 0.01715686274509804 0.04054054054054054
