1 0.75 0.6466666666666666 0.2278582930756844 0.456
1 0.0998389694041868 0.768 0.1996779388083736 0.45866666666666667
1 0.4247181964573269 0.5253333333333333 0.04106280193236715 0.096
1 0.6457326892109501 0.5826666666666667 0.09017713365539452 0.19466666666666665
1 0.6103059581320451 0.5453333333333333 0.061191626409017714 0.152
1 0.5917874396135265 0.528 0.043478260869565216 0.112
1 0.5801127214170693 0.516 0.036231884057971016 0.09333333333333334
1 0.47665056360708535 0.49333333333333335 0.01932367149758454 0.048
0 0.5253623188405797 0.472 0.03784219001610306 0.05333333333333334
0 0.5583735909822867 0.508 0.021739130434782608 0.07733333333333334
0 0.45974235104669886 0.504 0.02576489533011272 0.07466666666666667
