1 0.10547504025764895 0.6986666666666667 0.2109500805152979 0.5973333333333334
1 0.32971014492753625 0.6093333333333333 0.14090177133655393 0.312
1 0.8389694041867954 0.728 0.32045088566827695 0.5386666666666666
1 0.6884057971014492 0.64 0.1288244766505636 0.31466666666666665
1 0.5193236714975845 0.536 0.07729468599033816 0.144
1 0.8582930756843801 0.45066666666666666 0.08856682769726248 0.16
1 0.788647342995169 0.46 0.07648953301127215 0.14133333333333334
1 0.5603864734299517 0.492 0.040257648953301126 0.08266666666666667
1 0.6602254428341385 0.41733333333333333 0.03864734299516908 0.10933333333333334
0 0.2387278582930757 0.504 0.036231884057971016 0.058666666666666666
0 0.6022544283413849 0.45866666666666667 0.043478260869565216 0.10133333333333333
0 0.4496779388083736 0.4746666666666667 0.0893719806763285 0.064
0 0.7246376811594203 0.42933333333333334 0.04830917874396135 0.05333333333333334
