2 0.2099673202614379 0.49864864864864866 0.021241830065359478 0.1
3 0.42034313725490197 0.5891891891891892 0.031862745098039214 0.31351351351351353
3 0.38480392156862747 0.5824324324324325 0.03431372549019608 0.35945945945945945
3 0.4897875816993464 0.5918918918918918 0.04003267973856209 0.3621621621621622
2 0.039624183006535946 0.6851351351351351 0.07924836601307189 0.6243243243243243
3 0.7450980392156863 0.4756756756756757 0.011437908496732025 0.11351351351351352
3 0.7606209150326797 0.47162162162162163 0.011437908496732025 0.1
2 0.9497549019607843 0.47297297297297297 0.04820261437908497 0.12432432432432433
0 0.026552287581699346 0.7135135135135136 0.05310457516339869 0.5621621621621622
0 0.30800653594771243 0.48783783783783785 0.008169934640522876 0.062162162162162166
0 0.12091503267973856 0.5081081081081081 0.06535947712418301 0.08648648648648649
