1 0.09259259259259259 0.76 0.18518518518518517 0.4746666666666667
2 0.34339774557165864 0.588 0.04911433172302738 0.2693333333333333
2 0.37640901771336555 0.5853333333333334 0.03784219001610306 0.24266666666666667
1 0.3417874396135266 0.5666666666666667 0.07648953301127215 0.14666666666666667
2 0.41827697262479874 0.5266666666666666 0.018518518518518517 0.12533333333333332
1 0.41586151368760066 0.5186666666666667 0.03784219001610306 0.072
1 0.5277777777777778 0.5026666666666667 0.026570048309178744 0.072
1 0.8651368760064412 0.716 0.26811594202898553 0.5626666666666666
0 0.5623993558776168 0.492 0.039452495974235106 0.14133333333333334
0 0.5040257648953301 0.4786666666666667 0.01932367149758454 0.050666666666666665
