3 0.9117647058823529 0.6297297297297297 0.17483660130718953 0.7351351351351352
3 0.5277777777777778 0.5283783783783784 0.03104575163398693 0.28378378378378377
3 0.4554738562091503 0.47297297297297297 0.02369281045751634 0.24324324324324326
3 0.48161764705882354 0.4891891891891892 0.02369281045751634 0.21081081081081082
3 0.5290032679738562 0.49324324324324326 0.018790849673202614 0.1918918918918919
2 0.37254901960784315 0.4540540540540541 0.032679738562091505 0.12432432432432433
0 0.4272875816993464 0.4297297297297297 0.016339869281045753 0.10810810810810811
0 0.27532679738562094 0.4797297297297297 0.15849673202614378 0.1918918918918919
0 0.10743464052287582 0.6162162162162163 0.21486928104575165 0.7567567567567568
0 0.6899509803921569 0.35135135135135137 0.21160130718954248 0.043243243243243246
