2 0.8107890499194848 0.5493333333333333 0.07085346215780998 0.3413333333333333
3 0.8357487922705314 0.5413333333333333 0.027375201288244767 0.25066666666666665
3 0.8659420289855072 0.5373333333333333 0.029790660225442835 0.25333333333333335
0 0.8494363929146538 0.5866666666666667 0.040257648953301126 0.144
2 0.6421095008051529 0.5013333333333333 0.015297906602254429 0.11733333333333333
0 0.394524959742351 0.4786666666666667 0.014492753623188406 0.04
0 0.7202093397745571 0.49733333333333335 0.11191626409017713 0.09866666666666667
0 0.9420289855072463 0.4493333333333333 0.11272141706924316 0.14133333333333334
0 0.5289855072463768 0.4693333333333333 0.09178743961352658 0.042666666666666665
0 0.45088566827697263 0.47733333333333333 0.01610305958132045 0.032
