1 0.605072463768116 0.5773333333333334 0.09259259259259259 0.22133333333333333
1 0.92914653784219 0.5893333333333334 0.14009661835748793 0.37333333333333335
1 0.8868760064412239 0.496 0.2246376811594203 0.3466666666666667
0 0.26851851851851855 0.64 0.08132045088566828 0.13333333333333333
1 0.3140096618357488 0.572 0.0821256038647343 0.17333333333333334
1 0.10547504025764895 0.7546666666666667 0.2109500805152979 0.4053333333333333
1 0.7665056360708534 0.492 0.16747181964573268 0.18933333333333333
1 0.38003220611916266 0.5306666666666666 0.04508856682769726 0.10133333333333333
0 0.42713365539452497 0.5013333333333333 0.0748792270531401 0.09066666666666667
0 0.5136876006441223 0.4746666666666667 0.04669887278582931 0.064
0 0.6095008051529791 0.464 0.06602254428341385 0.08533333333333333
