3 0.5656199677938808 0.504 0.007246376811594203 0.07466666666666667
1 0.08132045088566828 0.536 0.10628019323671498 0.13333333333333333
0 0.15257648953301128 0.528 0.039452495974235106 0.08533333333333333
1 0.1723027375201288 0.5573333333333333 0.07890499194847021 0.12266666666666666
1 0.13446054750402575 0.5586666666666666 0.09339774557165861 0.11466666666666667
1 0.2926731078904992 0.5173333333333333 0.04428341384863124 0.08
1 0.2648953301127214 0.516 0.04508856682769726 0.07733333333333334
1 0.36231884057971014 0.5 0.02576489533011272 0.050666666666666665
0 0.4822866344605475 0.4786666666666667 0.024154589371980676 0.024
0 0.44605475040257647 0.484 0.004830917874396135 0.018666666666666668
0 0.5442834138486312 0.48533333333333334 0.030595813204508857 0.08
0 0.6473429951690821 0.496 0.12238325281803543 0.09066666666666667
