1 0.5112721417069244 0.692 0.12721417069243157 0.3973333333333333
1 0.15217391304347827 0.7386666666666667 0.30434782608695654 0.5173333333333333
1 0.8051529790660226 0.49866666666666665 0.38808373590982287 0.9973333333333333
1 0.3244766505636071 0.56 0.1610305958132045 0.39466666666666667
1 0.38486312399355876 0.556 0.07246376811594203 0.15733333333333333
1 0.40700483091787437 0.5146666666666667 0.04911433172302738 0.13866666666666666
1 0.5785024154589372 0.5253333333333333 0.04589371980676329 0.10133333333333333
1 0.5579710144927537 0.49066666666666664 0.040257648953301126 0.10666666666666667
0 0.5088566827697263 0.4693333333333333 0.0499194847020934 0.042666666666666665
0 0.5599838969404187 0.416 0.026570048309178744 0.032
