1 0.4774375503626108 0.5132978723404256 0.0265914585012087 0.0797872340425532
1 0.1385979049153908 0.49867021276595747 0.2771958098307816 0.9973404255319149
1 0.24133763094278807 0.5651595744680851 0.09750201450443191 0.17287234042553193
0 0.32634971796937956 0.6303191489361702 0.06285253827558421 0.13829787234042554
1 0.35374697824335216 0.5811170212765957 0.07735697018533441 0.1675531914893617
1 0.3082191780821918 0.5465425531914894 0.057211925866236905 0.09308510638297872
1 0.39685737308622077 0.5372340425531915 0.0427074939564867 0.10106382978723404
0 0.4395648670427075 0.48936170212765956 0.018533440773569703 0.06914893617021277
1 0.2800161160354553 0.511968085106383 0.055600322320709106 0.11436170212765957
0 0.4073327961321515 0.46675531914893614 0.0265914585012087 0.023936170212765957
