1 0.4939613526570048 0.5573333333333333 0.0426731078904992 0.11733333333333333
1 0.07326892109500806 0.7666666666666667 0.14653784219001612 0.4613333333333333
1 0.16867954911433172 0.7226666666666667 0.21336553945249598 0.4533333333333333
1 0.3079710144927536 0.6013333333333334 0.12640901771336555 0.2
1 0.35507246376811596 0.512 0.13526570048309178 0.26666666666666666
1 0.3808373590982287 0.556 0.09178743961352658 0.11466666666666667
3 0.8023349436392915 0.7146666666666667 0.07648953301127215 0.48
1 0.5305958132045089 0.49733333333333335 0.028985507246376812 0.09333333333333334
1 0.4915458937198068 0.5253333333333333 0.026570048309178744 0.08
1 0.3997584541062802 0.5333333333333333 0.0893719806763285 0.13333333333333333
1 0.016908212560386472 0.5693333333333334 0.033816425120772944 0.18933333333333333
1 0.08091787439613526 0.5706666666666667 0.11030595813204509 0.13333333333333333
1 0.15861513687600645 0.6053333333333333 0.15458937198067632 0.224
1 0.25161030595813205 0.56 0.08293075684380032 0.15466666666666667
3 0.12761674718196458 0.5333333333333333 0.015297906602254429 0.14933333333333335
3 0.19847020933977455 0.5266666666666666 0.010466988727858293 0.09333333333333334
1 0.2918679549114332 0.492 0.06843800322061191 0.14666666666666667
0 0.4561191626409018 0.512 0.023349436392914653 0.10133333333333333
0 0.02938808373590982 0.732 0.05877616747181964 0.5253333333333333
0 0.9186795491143317 0.5133333333333333 0.15780998389694043 0.09866666666666667
0 0.7439613526570048 0.5186666666666667 0.00966183574879227 0.06666666666666667
