0 0.04911433172302738 0.5453333333333333 0.07246376811594203 0.136
1 0.09822866344605476 0.5666666666666667 0.11594202898550725 0.136
1 0.1932367149758454 0.512 0.0644122383252818 0.096
0 0.23429951690821257 0.516 0.027375201288244767 0.06666666666666667
1 0.3196457326892109 0.5146666666666667 0.0322061191626409 0.064
1 0.2890499194847021 0.5226666666666666 0.04186795491143317 0.064
1 0.3639291465378422 0.508 0.02576489533011272 0.050666666666666665
0 0.39573268921095006 0.49333333333333335 0.0249597423510467 0.042666666666666665
0 0.4722222222222222 0.484 0.04589371980676329 0.024
0 0.5507246376811594 0.5026666666666667 0.011272141706924315 0.072
0 0.606280193236715 0.49733333333333335 0.0853462157809984 0.056
0 0.5322061191626409 0.488 0.011272141706924315 0.05333333333333334
