3 0.648626817447496 0.7165775401069518 0.0630048465266559 0.5614973262032086
3 0.715670436187399 0.7018716577540107 0.07754442649434572 0.5909090909090909
3 0.19668820678513732 0.7219251336898396 0.06865912762520193 0.5508021390374331
3 0.6453957996768982 0.5735294117647058 0.045234248788368334 0.232620320855615
3 0.9640549273021002 0.5213903743315508 0.06865912762520193 0.24598930481283424
3 0.7439418416801292 0.5347593582887701 0.01938610662358643 0.18716577540106952
3 0.8780290791599353 0.6564171122994652 0.05331179321486268 0.446524064171123
1 0.4483037156704362 0.5187165775401069 0.045234248788368334 0.13368983957219252
1 0.497172859450727 0.5013368983957219 0.023424878836833602 0.08288770053475936
0 0.595718901453958 0.5334224598930482 0.03150242326332795 0.09893048128342247
0 0.4018578352180937 0.5374331550802139 0.020193861066235864 0.13368983957219252
0 0.3121970920840065 0.5855614973262032 0.04604200323101777 0.25133689839572193
