1 0.03349673202614379 0.6891891891891891 0.06699346405228758 0.34054054054054056
2 0.3700980392156863 0.4972972972972973 0.014705882352941176 0.10270270270270271
3 0.5784313725490197 0.5662162162162162 0.03104575163398693 0.3054054054054054
3 0.5400326797385621 0.5581081081081081 0.03594771241830065 0.34324324324324323
3 0.6111111111111112 0.5459459459459459 0.032679738562091505 0.2972972972972973
2 0.21650326797385622 0.5554054054054054 0.042483660130718956 0.25675675675675674
2 0.0821078431372549 0.6594594594594595 0.1642156862745098 0.6756756756756757
3 0.9015522875816994 0.43108108108108106 0.012254901960784314 0.12162162162162163
3 0.9178921568627451 0.43243243243243246 0.015522875816993464 0.10810810810810811
0 0.33986928104575165 0.4797297297297297 0.00980392156862745 0.062162162162162166
0 0.06576797385620915 0.7094594594594594 0.1315359477124183 0.5702702702702702
0 0.2920751633986928 0.5067567567567568 0.04820261437908497 0.07837837837837838
0 0.2426470588235294 0.5513513513513514 0.024509803921568627 0.0918918918918919
