1 0.9182769726247987 0.5986666666666667 0.16183574879227053 0.472
1 0.5414653784219001 0.624 0.14412238325281804 0.256
1 0.4355877616747182 0.5786666666666667 0.15136876006441224 0.29333333333333333
1 0.7367149758454107 0.532 0.06924315619967794 0.17333333333333334
1 0.9698067632850241 0.44133333333333336 0.05877616747181964 0.17866666666666667
1 0.8989533011272142 0.4186666666666667 0.06360708534621579 0.25066666666666665
0 0.34339774557165864 0.644 0.20853462157809985 0.168
1 0.2946859903381642 0.6026666666666667 0.15136876006441224 0.192
1 0.21618357487922704 0.5973333333333334 0.11352657004830918 0.14933333333333335
0 0.2391304347826087 0.6053333333333333 0.0998389694041868 0.14933333333333335
0 0.3140096618357488 0.5266666666666666 0.04508856682769726 0.12
