1 0.05676328502415459 0.7 0.11352657004830918 0.5946666666666667
1 0.1819645732689211 0.592 0.24154589371980675 0.30933333333333335
1 0.22946859903381642 0.584 0.20611916264090177 0.21333333333333335
1 0.10386473429951691 0.668 0.20772946859903382 0.376
1 0.38808373590982287 0.5106666666666667 0.09178743961352658 0.09333333333333334
1 0.9363929146537843 0.536 0.12560386473429952 0.21866666666666668
1 0.5966183574879227 0.5173333333333333 0.10144927536231885 0.11733333333333333
1 0.5829307568438004 0.5026666666666667 0.09339774557165861 0.12
0 0.4923510466988728 0.4866666666666667 0.010466988727858293 0.07733333333333334
0 0.42592592592592593 0.49866666666666665 0.04508856682769726 0.058666666666666666
