1 0.8458132045088567 0.6293333333333333 0.20531400966183574 0.3626666666666667
1 0.929549114331723 0.6293333333333333 0.1392914653784219 0.304
1 0.7640901771336553 0.532 0.11272141706924316 0.2693333333333333
1 0.03260869565217391 0.52 0.06521739130434782 0.208
1 0.0607890499194847 0.512 0.1215780998389694 0.176
1 0.10990338164251208 0.5226666666666666 0.09259259259259259 0.128
0 0.3969404186795491 0.472 0.057971014492753624 0.10666666666666667
0 0.2556360708534622 0.49733333333333335 0.1972624798711755 0.11466666666666667
0 0.6203703703703703 0.45466666666666666 0.1537842190016103 0.07733333333333334
0 0.35628019323671495 0.49466666666666664 0.029790660225442835 0.06666666666666667
