2 0.1606280193236715 0.632 0.09903381642512077 0.42133333333333334
2 0.21698872785829307 0.5986666666666667 0.07326892109500806 0.312
1 0.4029790660225443 0.496 0.0861513687600644 0.208
4 0.13768115942028986 0.5933333333333334 0.04508856682769726 0.168
2 0.5213365539452496 0.5253333333333333 0.03462157809983897 0.13866666666666666
3 0.7910628019323671 0.5346666666666666 0.023349436392914653 0.18933333333333333
3 0.7347020933977456 0.5266666666666666 0.020128824476650563 0.168
4 0.6763285024154589 0.5346666666666666 0.037037037037037035 0.12
4 0.6678743961352657 0.536 0.03784219001610306 0.10666666666666667
1 0.33494363929146537 0.516 0.06763285024154589 0.07733333333333334
0 0.9392109500805152 0.6786666666666666 0.11835748792270531 0.45066666666666666
0 0.5595813204508857 0.4693333333333333 0.011272141706924315 0.06933333333333333
0 0.2725442834138486 0.508 0.029790660225442835 0.15733333333333333
