1 0.8969404186795491 0.7506666666666667 0.20450885668276972 0.49333333333333335
1 0.07930756843800323 0.784 0.15861513687600645 0.4266666666666667
1 0.36835748792270534 0.552 0.04428341384863124 0.10133333333333333
1 0.5414653784219001 0.5106666666666667 0.036231884057971016 0.09333333333333334
1 0.38768115942028986 0.536 0.03784219001610306 0.08
1 0.4086151368760064 0.5173333333333333 0.029790660225442835 0.08
1 0.08816425120772947 0.5866666666666667 0.07004830917874397 0.08533333333333333
1 0.12681159420289856 0.58 0.06360708534621579 0.08266666666666667
1 0.16183574879227053 0.572 0.06763285024154589 0.088
1 0.20330112721417068 0.5733333333333334 0.05877616747181964 0.09066666666666667
0 0.47342995169082125 0.48533333333333334 0.0966183574879227 0.08
0 0.6243961352657005 0.45066666666666666 0.11996779388083736 0.06933333333333333
0 0.8812399355877617 0.39066666666666666 0.04428341384863124 0.15733333333333333
