1 0.7053140096618358 0.56 0.08856682769726248 0.18666666666666668
1 0.6195652173913043 0.5506666666666666 0.06360708534621579 0.17866666666666667
1 0.2041062801932367 0.56 0.050724637681159424 0.10133333333333333
1 0.3639291465378422 0.5226666666666666 0.07568438003220612 0.10666666666666667
1 0.016908212560386472 0.556 0.033816425120772944 0.088
1 0.14814814814814814 0.5226666666666666 0.02254428341384863 0.064
1 0.49074074074074076 0.644 0.22624798711755234 0.44
1 0.321658615136876 0.612 0.10386473429951691 0.184
0 0.07206119162640902 0.5346666666666666 0.07809983896940419 0.09333333333333334
0 0.8003220611916264 0.5053333333333333 0.14814814814814814 0.10933333333333334
