2 0.8293075684380032 0.644 0.0853462157809984 0.5253333333333333
3 0.643317230273752 0.56 0.028985507246376812 0.30933333333333335
3 0.8683574879227053 0.6013333333333334 0.039452495974235106 0.36
3 0.8381642512077294 0.5866666666666667 0.030595813204508857 0.30933333333333335
3 0.18518518518518517 0.5693333333333334 0.027375201288244767 0.23733333333333334
3 0.2471819645732689 0.564 0.02576489533011272 0.248
2 0.3977455716586151 0.5133333333333333 0.027375201288244767 0.14666666666666667
1 0.4561191626409018 0.4746666666666667 0.05233494363929147 0.13866666666666666
0 0.7028985507246377 0.5453333333333333 0.07407407407407407 0.24266666666666667
0 0.1501610305958132 0.5733333333333334 0.039452495974235106 0.15466666666666667
0 0.322061191626409 0.496 0.03542673107890499 0.16
0 0.04508856682769726 0.608 0.03864734299516908 0.21866666666666668
