1 0.5120772946859904 0.5426666666666666 0.05475040257648953 0.14666666666666667
3 0.7471819645732689 0.5066666666666667 0.024154589371980676 0.18133333333333335
1 0.8735909822866345 0.496 0.1111111111111111 0.10666666666666667
1 0.32971014492753625 0.5106666666666667 0.039452495974235106 0.07733333333333334
2 0.6227858293075684 0.49066666666666664 0.039452495974235106 0.10133333333333333
1 0.539049919484702 0.4826666666666667 0.029790660225442835 0.10666666666666667
3 0.4363929146537842 0.49733333333333335 0.008051529790660225 0.104
1 0.48752012882447665 0.512 0.03462157809983897 0.10666666666666667
0 0.3812399355877617 0.47733333333333333 0.06521739130434782 0.06933333333333333
0 0.5857487922705314 0.448 0.03140096618357488 0.06933333333333333
0 0.4533011272141707 0.48 0.024154589371980676 0.064
