1 0.10305958132045089 0.7853333333333333 0.20611916264090177 0.424
1 0.4967793880837359 0.5653333333333334 0.05314009661835749 0.12266666666666666
1 0.6908212560386473 0.5266666666666666 0.10466988727858294 0.14666666666666667
1 0.48148148148148145 0.5506666666666666 0.03864734299516908 0.104
1 0.3421900161030596 0.5493333333333333 0.03542673107890499 0.08533333333333333
1 0.6260064412238325 0.5266666666666666 0.0893719806763285 0.09866666666666667
1 0.6610305958132046 0.5293333333333333 0.09500805152979067 0.11466666666666667
1 0.46256038647342995 0.516 0.018518518518518517 0.06133333333333333
1 0.6670692431561996 0.72 0.1972624798711755 0.37866666666666665
0 0.39855072463768115 0.5333333333333333 0.07568438003220612 0.096
0 0.1972624798711755 0.5453333333333333 0.06924315619967794 0.06666666666666667
0 0.9367954911433173 0.7186666666666667 0.1215780998389694 0.552
0 0.8409822866344605 0.52 0.08454106280193237 0.112
