1 0.15901771336553946 0.62 0.24235104669887278 0.3546666666666667
1 0.24919484702093397 0.58 0.17632850241545894 0.22133333333333333
1 0.7125603864734299 0.48133333333333334 0.07407407407407407 0.14666666666666667
1 0.7588566827697263 0.49333333333333335 0.06360708534621579 0.10133333333333333
1 0.3071658615136876 0.5586666666666666 0.12962962962962962 0.14666666666666667
1 0.322463768115942 0.5426666666666666 0.09742351046698873 0.13066666666666665
1 0.34098228663446056 0.5266666666666666 0.11352657004830918 0.136
1 0.5487117552334944 0.4826666666666667 0.05394524959742351 0.064
0 0.4303542673107891 0.5013333333333333 0.05877616747181964 0.10666666666666667
0 0.8103864734299517 0.4573333333333333 0.0426731078904992 0.056
0 0.500805152979066 0.472 0.011272141706924315 0.058666666666666666
0 0.644524959742351 0.45866666666666667 0.039452495974235106 0.07466666666666667
