1 0.06642512077294686 0.784 0.13285024154589373 0.4266666666666667
0 0.9315619967793881 0.816 0.13526570048309178 0.3626666666666667
1 0.8977455716586151 0.6333333333333333 0.2028985507246377 0.392
1 0.7777777777777778 0.5866666666666667 0.17713365539452497 0.224
0 0.8160225442834138 0.6173333333333333 0.18115942028985507 0.25866666666666666
0 0.9017713365539453 0.472 0.07890499194847021 0.18133333333333335
1 0.47383252818035426 0.5786666666666667 0.06843800322061191 0.13866666666666666
1 0.3808373590982287 0.576 0.043478260869565216 0.13333333333333333
1 0.37399355877616747 0.5026666666666667 0.05394524959742351 0.22666666666666666
0 0.2886473429951691 0.5253333333333333 0.10869565217391304 0.096
