1 0.4967767929089444 0.5731382978723404 0.07010475423045931 0.21010638297872342
1 0.21796937953263498 0.6768617021276596 0.18130539887187752 0.3271276595744681
1 0.16277195809830783 0.601063829787234 0.14826752618855762 0.22340425531914893
1 0.34810636583400484 0.5691489361702128 0.08380338436744561 0.1702127659574468
0 0.39564867042707497 0.45611702127659576 0.08380338436744561 0.26861702127659576
0 0.4460112812248187 0.4587765957446808 0.028203062046736505 0.125
1 0.040290088638195005 0.5957446808510638 0.08058017727639001 0.20212765957446807
1 0.22522159548751008 0.538563829787234 0.0717163577759871 0.10372340425531915
1 0.28283642224012895 0.5026595744680851 0.0547945205479452 0.11170212765957446
1 0.5435132957292506 0.5106382978723404 0.0249798549556809 0.047872340425531915
0 0.5850120870265915 0.5066489361702128 0.019339242546333603 0.05053191489361702
