2 0.8513071895424836 0.6216216216216216 0.03758169934640523 0.2756756756756757
2 0.5808823529411765 0.6851351351351351 0.08660130718954248 0.4297297297297297
2 0.7267156862745098 0.5797297297297297 0.03022875816993464 0.17567567567567569
3 0.40522875816993464 0.5243243243243243 0.011437908496732025 0.11891891891891893
3 0.4178921568627451 0.5162162162162162 0.010620915032679739 0.10270270270270271
2 0.6572712418300654 0.5486486486486486 0.03022875816993464 0.10810810810810811
3 0.6968954248366013 0.5310810810810811 0.013071895424836602 0.10540540540540541
3 0.7197712418300654 0.5513513513513514 0.013071895424836602 0.10810810810810811
0 0.06004901960784314 0.5094594594594595 0.08088235294117647 0.11081081081081082
0 0.514297385620915 0.5405405405405406 0.031862745098039214 0.14054054054054055
0 0.7540849673202614 0.5581081081081081 0.027777777777777776 0.13243243243243244
