1 0.6288244766505636 0.6 0.11594202898550725 0.26666666666666666
1 0.9923510466988728 0.608 0.013687600644122383 0.416
1 0.9214975845410628 0.5106666666666667 0.15539452495974235 0.44
0 0.23349436392914655 0.6733333333333333 0.10144927536231885 0.16266666666666665
1 0.29307568438003223 0.588 0.0966183574879227 0.2
1 0.07004830917874397 0.7786666666666666 0.14009661835748793 0.43733333333333335
1 0.8136070853462157 0.496 0.19887278582930756 0.21866666666666668
1 0.37318840579710144 0.5373333333333333 0.04911433172302738 0.10933333333333334
1 0.7926731078904992 0.44266666666666665 0.0748792270531401 0.06933333333333333
0 0.4255233494363929 0.5133333333333333 0.07326892109500806 0.104
0 0.6199677938808373 0.45066666666666666 0.05475040257648953 0.06933333333333333
0 0.4975845410628019 0.468 0.017713365539452495 0.056
0 0.5281803542673108 0.484 0.03542673107890499 0.06666666666666667
