1 0.877859477124183 0.45135135135135135 0.14624183006535948 0.15135135135135136
1 0.4309640522875817 0.5121621621621621 0.035130718954248366 0.0891891891891892
2 0.5616830065359477 0.4837837837837838 0.02696078431372549 0.08648648648648649
2 0.5126633986928104 0.4905405405405405 0.025326797385620915 0.08378378378378379
2 0.3088235294117647 0.5297297297297298 0.024509803921568627 0.10270270270270271
3 0.369281045751634 0.5148648648648648 0.013071895424836602 0.0945945945945946
0 0.4027777777777778 0.5067567567567568 0.016339869281045753 0.11081081081081082
0 0.2863562091503268 0.5310810810810811 0.010620915032679739 0.0891891891891892
0 0.4591503267973856 0.4864864864864865 0.011437908496732025 0.07567567567567568
0 0.7373366013071896 0.4486486486486487 0.11356209150326797 0.07567567567567568
0 0.9763071895424836 0.43243243243243246 0.042483660130718956 0.11891891891891893
0 0.6086601307189542 0.46756756756756757 0.00980392156862745 0.07027027027027027
