1 0.6082930756843801 0.5453333333333333 0.06521739130434782 0.152
1 0.5966183574879227 0.4786666666666667 0.04830917874396135 0.056
3 0.427536231884058 0.49866666666666665 0.004830917874396135 0.09066666666666667
2 0.6634460547504025 0.49333333333333335 0.040257648953301126 0.10666666666666667
1 0.7214170692431562 0.468 0.05152979066022544 0.06133333333333333
1 0.9472624798711755 0.452 0.06682769726247988 0.07733333333333334
1 0.31239935587761675 0.504 0.043478260869565216 0.058666666666666666
0 0.11755233494363929 0.5146666666666667 0.09178743961352658 0.09066666666666667
0 0.5052334943639292 0.45866666666666667 0.09742351046698873 0.09066666666666667
0 0.7793880837359098 0.43733333333333335 0.027375201288244767 0.06933333333333333
0 0.9903381642512077 0.46 0.01610305958132045 0.11466666666666667
