3 0.27504038772213246 0.7553475935828877 0.06704361873990307 0.4839572192513369
3 0.7673667205169629 0.6096256684491979 0.04038772213247173 0.31016042780748665
3 0.2516155088852989 0.6590909090909091 0.03150242326332795 0.3877005347593583
3 0.3824717285945073 0.6096256684491979 0.03796445880452343 0.2887700534759358
3 0.651453957996769 0.5614973262032086 0.021809369951534735 0.24598930481283424
3 0.484248788368336 0.5521390374331551 0.015347334410339256 0.18983957219251338
3 0.441437802907916 0.553475935828877 0.015347334410339256 0.16042780748663102
3 0.4604200323101777 0.5387700534759359 0.014539579967689823 0.14705882352941177
3 0.5674474959612278 0.5334224598930482 0.013731825525040387 0.15775401069518716
0 0.5282714054927302 0.5294117647058824 0.051696284329563816 0.11764705882352941
0 0.4176090468497577 0.5481283422459893 0.0210016155088853 0.1497326203208556
