3 0.2823101777059774 0.5601604278074866 0.02988691437802908 0.2807486631016043
3 0.0912762520193861 0.7045454545454546 0.05815831987075929 0.5855614973262032
3 0.5197899838449112 0.5427807486631016 0.023424878836833602 0.16042780748663102
3 0.41639741518578355 0.5454545454545454 0.018578352180936994 0.18716577540106952
3 0.4596122778675283 0.5200534759358288 0.017770597738287562 0.15240641711229946
3 0.5149434571890146 0.5040106951871658 0.012116316639741519 0.13636363636363635
3 0.502827140549273 0.49866310160427807 0.008885298869143781 0.09893048128342247
1 0.7940226171243941 0.49866310160427807 0.38126009693053314 0.9973262032085561
0 0.484248788368336 0.5013368983957219 0.013731825525040387 0.12566844919786097
0 0.5634087237479806 0.4919786096256685 0.05411954765751212 0.12834224598930483
