3 0.9097222222222222 0.6675675675675675 0.17238562091503268 0.6594594594594595
3 0.8762254901960784 0.6918918918918919 0.1642156862745098 0.6108108108108108
3 0.5179738562091504 0.6783783783783783 0.07679738562091504 0.6108108108108108
3 0.43423202614379086 0.6662162162162162 0.09068627450980392 0.6621621621621622
3 0.5641339869281046 0.6756756756756757 0.07924836601307189 0.5243243243243243
3 0.4571078431372549 0.49324324324324326 0.022058823529411766 0.20270270270270271
3 0.4383169934640523 0.5054054054054054 0.015522875816993464 0.1891891891891892
3 0.4571078431372549 0.46756756756756757 0.018790849673202614 0.16756756756756758
3 0.4930555555555556 0.4702702702702703 0.01715686274509804 0.15675675675675677
2 0.27941176470588236 0.4594594594594595 0.0457516339869281 0.15675675675675677
2 0.43218954248366015 0.4418918918918919 0.026143790849673203 0.11081081081081082
0 0.10580065359477124 0.6216216216216216 0.21160130718954248 0.745945945945946
0 0.22303921568627452 0.4702702702702703 0.058823529411764705 0.15135135135135136
0 0.3758169934640523 0.4472972972972973 0.021241830065359478 0.13783783783783785
0 0.7728758169934641 0.35 0.05065359477124183 0.04054054054054054
0 0.6862745098039216 0.34864864864864864 0.00980392156862745 0.04864864864864865
