2 0.1710950080515298 0.7093333333333334 0.16505636070853463 0.576
2 0.31239935587761675 0.6333333333333333 0.06602254428341385 0.456
3 0.4355877616747182 0.5373333333333333 0.01610305958132045 0.14133333333333334
3 0.41827697262479874 0.5333333333333333 0.016908212560386472 0.14933333333333335
3 0.5124798711755234 0.5 0.012077294685990338 0.10933333333333334
3 0.5273752012882448 0.5066666666666667 0.011272141706924315 0.112
0 0.6908212560386473 0.5386666666666666 0.033816425120772944 0.20266666666666666
0 0.38486312399355876 0.504 0.01610305958132045 0.12266666666666666
0 0.5656199677938808 0.49733333333333335 0.05394524959742351 0.09866666666666667
0 0.48429951690821255 0.48933333333333334 0.021739130434782608 0.056
