1 0.4935535858178888 0.5718085106382979 0.07010475423045931 0.2127659574468085
1 0.30257856567284447 0.6037234042553191 0.10556003223207092 0.2074468085106383
1 0.2324738114423852 0.5691489361702128 0.10233682514101532 0.1702127659574468
1 0.37630942788074134 0.5465425531914894 0.06285253827558421 0.13031914893617022
0 0.40854149879129736 0.4574468085106383 0.06768734891216761 0.22340425531914893
0 0.44721998388396456 0.45611702127659576 0.0257856567284448 0.11436170212765957
1 0.015713134568896052 0.6037234042553191 0.031426269137792104 0.2074468085106383
1 0.10032232070910556 0.5704787234042553 0.12167606768734891 0.1622340425531915
1 0.3074133763094279 0.49867021276595747 0.04593070104754231 0.09840425531914894
1 0.5229653505237711 0.5066489361702128 0.024174053182917002 0.05053191489361702
1 0.5640612409347301 0.5053191489361702 0.017727639000805803 0.03723404255319149
0 0.0136986301369863 0.6156914893617021 0.0273972602739726 0.1675531914893617
