2 0.10457516339869281 0.49864864864864866 0.017973856209150325 0.1
3 0.33169934640522875 0.5986486486486486 0.03758169934640523 0.3324324324324324
3 0.29125816993464054 0.5878378378378378 0.04656862745098039 0.3810810810810811
3 0.41748366013071897 0.6229729729729729 0.042483660130718956 0.4081081081081081
2 0.9603758169934641 0.5797297297297297 0.061274509803921566 0.27837837837837837
3 0.6719771241830066 0.4905405405405405 0.010620915032679739 0.11081081081081082
3 0.6854575163398693 0.49324324324324326 0.011437908496732025 0.0945945945945946
2 0.883578431372549 0.5 0.04330065359477124 0.11891891891891893
0 0.22263071895424835 0.48783783783783785 0.010620915032679739 0.07297297297297298
0 0.02287581699346405 0.49324324324324326 0.0457516339869281 0.08378378378378379
0 0.823937908496732 0.5054054054054054 0.03349673202614379 0.10810810810810811
