3 0.7774636510500808 0.6136363636363636 0.05896607431340872 0.4946524064171123
3 0.4955573505654281 0.5962566844919787 0.0395799676898223 0.32620320855614976
3 0.13529886914378028 0.6417112299465241 0.05411954765751212 0.40106951871657753
3 0.348546042003231 0.6056149732620321 0.04604200323101777 0.3609625668449198
3 0.6716478190630049 0.5828877005347594 0.05411954765751212 0.42780748663101603
2 0.40064620355411956 0.5935828877005348 0.03877221324717286 0.28342245989304815
4 0.3441033925686591 0.6203208556149733 0.0420032310177706 0.20855614973262032
3 0.4551696284329564 0.5280748663101604 0.016962843295638127 0.15240641711229946
3 0.4341680129240711 0.5187165775401069 0.013731825525040387 0.1443850267379679
0 0.26978998384491115 0.6203208556149733 0.10016155088852989 0.22994652406417113
0 0.5327140549273021 0.5040106951871658 0.02665589660743134 0.10427807486631016
