1 0.4851046698872786 0.5053333333333333 0.021739130434782608 0.072
1 0.34822866344605474 0.632 0.12640901771336555 0.31466666666666665
1 0.11352657004830918 0.6106666666666667 0.11916264090177134 0.18666666666666668
2 0.5748792270531401 0.5253333333333333 0.05314009661835749 0.192
3 0.5615942028985508 0.5386666666666666 0.013687600644122383 0.16
3 0.5430756843800322 0.5293333333333333 0.013687600644122383 0.136
3 0.31602254428341386 0.548 0.008856682769726247 0.16266666666666665
0 0.22665056360708535 0.54 0.036231884057971016 0.104
0 0.1956521739130435 0.5053333333333333 0.024154589371980676 0.04533333333333334
0 0.42954911433172305 0.49066666666666664 0.020128824476650563 0.037333333333333336
