1 0.16908212560386474 0.612 0.14170692431561996 0.20533333333333334
0 0.5752818035426731 0.4533333333333333 0.03140096618357488 0.096
1 0.27375201288244766 0.5533333333333333 0.07890499194847021 0.16266666666666665
1 0.3172302737520129 0.5493333333333333 0.05475040257648953 0.10666666666666667
1 0.34581320450885666 0.5293333333333333 0.05233494363929147 0.10933333333333334
1 0.3892914653784219 0.5186666666666667 0.03462157809983897 0.072
1 0.4053945249597424 0.5133333333333333 0.029790660225442835 0.06133333333333333
0 0.44041867954911434 0.492 0.024154589371980676 0.056
0 0.535829307568438 0.46 0.03784219001610306 0.029333333333333333
0 0.6167471819645732 0.4666666666666667 0.00966183574879227 0.058666666666666666
0 0.6618357487922706 0.4746666666666667 0.011272141706924315 0.07466666666666667
