1 0.9436392914653784 0.764 0.1111111111111111 0.4666666666666667
1 0.1723027375201288 0.696 0.2721417069243156 0.5546666666666666
1 0.3780193236714976 0.5666666666666667 0.107085346215781 0.23733333333333334
1 0.7431561996779388 0.6706666666666666 0.2028985507246377 0.43466666666666665
1 0.6574074074074074 0.5906666666666667 0.0861513687600644 0.23733333333333334
1 0.5309983896940419 0.5226666666666666 0.06682769726247988 0.128
1 0.8361513687600645 0.464 0.07648953301127215 0.144
1 0.7753623188405797 0.46266666666666667 0.06602254428341385 0.12533333333333332
1 0.6658615136876006 0.4266666666666667 0.03542673107890499 0.10666666666666667
0 0.014090177133655395 0.52 0.02818035426731079 0.02666666666666667
0 0.4468599033816425 0.4746666666666667 0.01610305958132045 0.032
0 0.5970209339774557 0.4706666666666667 0.06360708534621579 0.104
0 0.7246376811594203 0.42933333333333334 0.028985507246376812 0.042666666666666665
