1 0.26529790660225444 0.556 0.11674718196457327 0.14666666666666667
1 0.30475040257648955 0.5426666666666666 0.09259259259259259 0.11466666666666667
2 0.965780998389694 0.52 0.06682769726247988 0.3413333333333333
2 0.8365539452495975 0.5133333333333333 0.05475040257648953 0.22666666666666666
2 0.78341384863124 0.5133333333333333 0.01932367149758454 0.168
1 0.7194041867954911 0.464 0.026570048309178744 0.058666666666666666
0 0.43760064412238325 0.484 0.11513687600644122 0.050666666666666665
0 0.6095008051529791 0.4573333333333333 0.11755233494363929 0.034666666666666665
0 0.8973429951690821 0.45066666666666666 0.06682769726247988 0.08
0 0.7471819645732689 0.43466666666666665 0.017713365539452495 0.032
