1 0.49074074074074076 0.5066666666666667 0.0249597423510467 0.08
3 0.05434782608695652 0.5986666666666667 0.016908212560386472 0.16266666666666665
2 0.1252012882447665 0.58 0.05233494363929147 0.15733333333333333
0 0.2830112721417069 0.496 0.05233494363929147 0.021333333333333333
0 0.6566022544283414 0.4866666666666667 0.010466988727858293 0.06666666666666667
0 0.45933977455716585 0.476 0.018518518518518517 0.056
0 0.44001610305958133 0.48 0.013687600644122383 0.032
0 0.19162640901771336 0.5306666666666666 0.00966183574879227 0.048
0 0.08172302737520129 0.524 0.023349436392914653 0.029333333333333333
0 0.030595813204508857 0.5426666666666666 0.01932367149758454 0.029333333333333333
