2 0.08977455716586151 0.704 0.17954911433172302 0.5866666666666667
2 0.2632850241545894 0.6906666666666667 0.0966183574879227 0.6133333333333333
3 0.4323671497584541 0.544 0.017713365539452495 0.14933333333333335
3 0.4146537842190016 0.54 0.017713365539452495 0.15733333333333333
3 0.5165056360708534 0.5053333333333333 0.012077294685990338 0.11466666666666667
3 0.533011272141707 0.5093333333333333 0.011272141706924315 0.11733333333333333
0 0.711755233494364 0.5493333333333333 0.037037037037037035 0.21333333333333335
0 0.3812399355877617 0.5106666666666667 0.016908212560386472 0.12
0 0.5772946859903382 0.49866666666666665 0.043478260869565216 0.10133333333333333
0 0.47624798711755234 0.49066666666666664 0.010466988727858293 0.042666666666666665
