1 0.5809178743961353 0.48533333333333334 0.039452495974235106 0.10666666666666667
1 0.5108695652173914 0.5053333333333333 0.04428341384863124 0.09333333333333334
1 0.4005636070853462 0.496 0.13446054750402575 0.2986666666666667
1 0.18518518518518517 0.5746666666666667 0.14009661835748793 0.15733333333333333
1 0.05958132045088567 0.7893333333333333 0.11916264090177134 0.416
1 0.36996779388083734 0.528 0.04750402576489533 0.09066666666666667
0 0.5064412238325282 0.4613333333333333 0.05475040257648953 0.08533333333333333
0 0.05555555555555555 0.8853333333333333 0.1111111111111111 0.21866666666666668
0 0.27053140096618356 0.5106666666666667 0.027375201288244767 0.08266666666666667
0 0.5479066022544283 0.472 0.021739130434782608 0.037333333333333336
0 0.6078904991948471 0.4706666666666667 0.011272141706924315 0.06666666666666667
0 0.8144122383252818 0.444 0.3679549114331723 0.06133333333333333
