3 0.904281098546042 0.6229946524064172 0.07027463651050081 0.48128342245989303
3 0.07633279483037157 0.7098930481283422 0.1332794830371567 0.5748663101604278
2 0.3134087237479806 0.6510695187165776 0.09046849757673667 0.446524064171123
3 0.6833602584814217 0.5334224598930482 0.03715670436187399 0.2967914438502674
3 0.48465266558966075 0.5267379679144385 0.0210016155088853 0.2192513368983957
3 0.4026655896607431 0.5280748663101604 0.023424878836833602 0.20588235294117646
3 0.4511308562197092 0.5093582887700535 0.018578352180936994 0.18449197860962566
3 0.5945072697899838 0.4893048128342246 0.0210016155088853 0.20320855614973263
0 0.42689822294022617 0.5093582887700535 0.020193861066235864 0.17379679144385027
0 0.3788368336025848 0.5 0.017770597738287562 0.06951871657754011
0 0.5302907915993538 0.48262032085561496 0.0654281098546042 0.14171122994652408
