1 0.027777777777777776 0.6106666666666667 0.05555555555555555 0.25066666666666665
1 0.7073268921095008 0.5533333333333333 0.08454106280193237 0.184
1 0.7894524959742351 0.5506666666666666 0.10547504025764895 0.16266666666666665
1 0.08373590982286634 0.552 0.12721417069243157 0.144
1 0.046296296296296294 0.5826666666666667 0.09259259259259259 0.15733333333333333
1 0.1469404186795491 0.512 0.11513687600644122 0.15466666666666667
1 0.1819645732689211 0.5093333333333333 0.0998389694041868 0.13333333333333333
0 0.43760064412238325 0.47733333333333333 0.04911433172302738 0.09066666666666667
0 0.25402576489533013 0.516 0.04106280193236715 0.104
0 0.3421900161030596 0.48933333333333334 0.10628019323671498 0.06133333333333333
0 0.5229468599033816 0.472 0.10225442834138486 0.058666666666666666
0 0.5982286634460547 0.4653333333333333 0.020933977455716585 0.034666666666666665
0 0.645330112721417 0.4653333333333333 0.029790660225442835 0.04
0 0.9806763285024155 0.44133333333333336 0.028985507246376812 0.050666666666666665
0 0.6972624798711755 0.43866666666666665 0.06280193236714976 0.024
