1 0.48148148148148145 0.4573333333333333 0.057971014492753624 0.232
1 0.033011272141706925 0.5693333333333334 0.06602254428341385 0.12
1 0.10547504025764895 0.5533333333333333 0.06763285024154589 0.088
1 0.1501610305958132 0.5373333333333333 0.0571658615136876 0.07733333333333334
1 0.19202898550724637 0.5306666666666666 0.04428341384863124 0.07466666666666667
1 0.21980676328502416 0.5266666666666666 0.03864734299516908 0.056
0 0.4074074074074074 0.45866666666666667 0.020933977455716585 0.064
0 0.25161030595813205 0.5266666666666666 0.021739130434782608 0.06666666666666667
0 0.534621578099839 0.46 0.0322061191626409 0.072
0 0.6207729468599034 0.46266666666666667 0.024154589371980676 0.056
