1 0.07689210950080515 0.62 0.1537842190016103 0.22133333333333333
1 0.533011272141707 0.516 0.030595813204508857 0.088
1 0.49798711755233493 0.49733333333333335 0.03140096618357488 0.08266666666666667
1 0.5438808373590982 0.49333333333333335 0.023349436392914653 0.07466666666666667
1 0.7894524959742351 0.45866666666666667 0.07971014492753623 0.09066666666666667
1 0.7576489533011272 0.45866666666666667 0.06924315619967794 0.08533333333333333
0 0.16545893719806765 0.528 0.021739130434782608 0.05333333333333334
0 0.2673107890499195 0.5106666666666667 0.17391304347826086 0.08266666666666667
0 0.9162640901771336 0.42133333333333334 0.16264090177133655 0.10133333333333333
0 0.5982286634460547 0.46 0.01932367149758454 0.04
0 0.4468599033816425 0.4693333333333333 0.04830917874396135 0.058666666666666666
