1 0.07206119162640902 0.5333333333333333 0.11352657004830918 0.144
1 0.03904991948470209 0.5506666666666666 0.07809983896940419 0.10933333333333334
1 0.27979066022544286 0.5026666666666667 0.07971014492753623 0.08266666666666667
1 0.21256038647342995 0.48133333333333334 0.0499194847020934 0.09866666666666667
1 0.6521739130434783 0.484 0.05475040257648953 0.06666666666666667
3 0.7073268921095008 0.47333333333333333 0.008856682769726247 0.06666666666666667
1 0.6855877616747182 0.472 0.03140096618357488 0.058666666666666666
0 0.856280193236715 0.46266666666666667 0.28421900161030594 0.088
0 0.33454106280193235 0.46266666666666667 0.018518518518518517 0.056
0 0.4464573268921095 0.456 0.012077294685990338 0.032
0 0.4178743961352657 0.44533333333333336 0.02576489533011272 0.032
