1 0.5877616747181964 0.5666666666666667 0.07729468599033816 0.18933333333333333
1 0.8917069243156199 0.5693333333333334 0.21497584541062803 0.2906666666666667
1 0.8413848631239935 0.49466666666666664 0.22544283413848631 0.2853333333333333
0 0.29307568438003223 0.62 0.06763285024154589 0.11466666666666667
1 0.3309178743961353 0.5653333333333334 0.06924315619967794 0.15466666666666667
1 0.1682769726247987 0.6893333333333334 0.17713365539452497 0.30666666666666664
1 0.7302737520128825 0.504 0.14492753623188406 0.16533333333333333
1 0.3860708534621578 0.532 0.04106280193236715 0.09333333333333334
1 0.9629629629629629 0.44533333333333336 0.07246376811594203 0.13333333333333333
0 0.5100644122383253 0.49066666666666664 0.04750402576489533 0.064
0 0.43478260869565216 0.508 0.05636070853462158 0.088
0 0.5986312399355878 0.45866666666666667 0.06843800322061191 0.037333333333333336
0 0.538244766505636 0.46266666666666667 0.010466988727858293 0.034666666666666665
