1 0.12842190016103058 0.7466666666666667 0.25684380032206117 0.5013333333333333
1 0.8816425120772947 0.7866666666666666 0.23510466988727857 0.42133333333333334
1 0.24355877616747182 0.6893333333333334 0.2246376811594203 0.45066666666666666
1 0.7270531400966184 0.76 0.2528180354267311 0.4746666666666667
1 0.3804347826086957 0.544 0.07004830917874397 0.18133333333333335
1 0.5748792270531401 0.5373333333333333 0.057971014492753624 0.136
1 0.4170692431561997 0.52 0.0499194847020934 0.11733333333333333
1 0.5366344605475041 0.49333333333333335 0.0249597423510467 0.07466666666666667
1 0.5285829307568438 0.46266666666666667 0.023349436392914653 0.088
0 0.4665861513687601 0.468 0.02818035426731079 0.06133333333333333
0 0.5112721417069244 0.464 0.017713365539452495 0.05333333333333334
