1 0.9798711755233495 0.5733333333333334 0.03864734299516908 0.336
1 0.08293075684380032 0.7 0.16586151368760063 0.5893333333333334
1 0.2073268921095008 0.5786666666666667 0.2181964573268921 0.2826666666666667
1 0.24798711755233493 0.5786666666666667 0.19001610305958133 0.19733333333333333
1 0.1179549114331723 0.644 0.2359098228663446 0.3333333333333333
1 0.3896940418679549 0.512 0.08856682769726248 0.09066666666666667
1 0.9263285024154589 0.5346666666666666 0.1457326892109501 0.20533333333333334
1 0.5917874396135265 0.52 0.0966183574879227 0.112
1 0.5801127214170693 0.5093333333333333 0.0893719806763285 0.11733333333333333
0 0.4927536231884058 0.492 0.011272141706924315 0.088
0 0.8373590982286635 0.5013333333333333 0.0322061191626409 0.112
0 0.428341384863124 0.5026666666666667 0.040257648953301126 0.056
