1 0.8433977455716586 0.7106666666666667 0.3115942028985507 0.456
1 0.0853462157809984 0.6626666666666666 0.1706924315619968 0.36
1 0.750805152979066 0.6533333333333333 0.24074074074074073 0.32
1 0.09943639291465378 0.6053333333333333 0.19887278582930756 0.2826666666666667
1 0.13365539452495975 0.5813333333333334 0.2109500805152979 0.2613333333333333
1 0.19847020933977455 0.5466666666666666 0.15056360708534622 0.24
1 0.22987117552334943 0.528 0.11191626409017713 0.16
1 0.3852657004830918 0.508 0.033011272141706925 0.072
0 0.3611111111111111 0.49066666666666664 0.015297906602254429 0.042666666666666665
0 0.32085346215780997 0.488 0.015297906602254429 0.037333333333333336
0 0.29549114331723025 0.5266666666666666 0.01610305958132045 0.08266666666666667
