3 0.41867954911433175 0.5506666666666666 0.01932367149758454 0.17866666666666667
3 0.3993558776167472 0.5453333333333333 0.01932367149758454 0.18933333333333333
3 0.8107890499194848 0.5733333333333334 0.04669887278582931 0.2986666666666667
3 0.5322061191626409 0.5053333333333333 0.014492753623188406 0.136
3 0.5511272141706924 0.5066666666666667 0.015297906602254429 0.13866666666666666
0 0.3667471819645733 0.5053333333333333 0.021739130434782608 0.14133333333333334
0 0.4834943639291465 0.48 0.004025764895330112 0.037333333333333336
0 0.5148953301127214 0.47333333333333333 0.013687600644122383 0.04
0 0.6082930756843801 0.48133333333333334 0.012077294685990338 0.09333333333333334
0 0.5797101449275363 0.49333333333333335 0.024154589371980676 0.10666666666666667
