1 0.9557165861513688 0.668 0.08695652173913043 0.408
1 0.3027375201288245 0.6413333333333333 0.14170692431561996 0.296
1 0.6598228663446055 0.6293333333333333 0.12962962962962962 0.29333333333333333
1 0.357085346215781 0.5373333333333333 0.09581320450885668 0.2693333333333333
1 0.606280193236715 0.576 0.09500805152979067 0.20266666666666666
1 0.5825281803542673 0.5293333333333333 0.04750402576489533 0.13066666666666665
1 0.2250402576489533 0.49066666666666664 0.177938808373591 0.21333333333333335
1 0.5040257648953301 0.4826666666666667 0.024154589371980676 0.08533333333333333
1 0.6686795491143317 0.45466666666666666 0.10225442834138486 0.13066666666666665
0 0.41827697262479874 0.496 0.0249597423510467 0.07466666666666667
0 0.46296296296296297 0.47333333333333333 0.020933977455716585 0.06133333333333333
0 0.5309983896940419 0.4493333333333333 0.04589371980676329 0.13066666666666665
