1 0.35507246376811596 0.596 0.09339774557165861 0.184
1 0.23510466988727857 0.6213333333333333 0.11916264090177134 0.208
1 0.5237520128824477 0.5133333333333333 0.029790660225442835 0.08266666666666667
1 0.3973429951690821 0.552 0.04750402576489533 0.112
1 0.6368760064412239 0.4866666666666667 0.0966183574879227 0.09866666666666667
1 0.6247987117552335 0.476 0.0821256038647343 0.11466666666666667
1 0.8039452495974235 0.43066666666666664 0.08776167471819646 0.104
0 0.013285024154589372 0.8306666666666667 0.026570048309178744 0.328
0 0.5032206119162641 0.49466666666666664 0.1610305958132045 0.104
0 0.7234299516908212 0.43466666666666665 0.06843800322061191 0.09066666666666667
