1 0.12842190016103058 0.6426666666666667 0.25684380032206117 0.37866666666666665
1 0.12117552334943639 0.612 0.21497584541062803 0.27466666666666667
1 0.19444444444444445 0.5773333333333334 0.21336553945249598 0.23733333333333334
1 0.2391304347826087 0.5533333333333333 0.10789049919484701 0.21066666666666667
1 0.3003220611916264 0.5546666666666666 0.15780998389694043 0.17066666666666666
1 0.3071658615136876 0.47333333333333333 0.17954911433172302 0.2853333333333333
1 0.5893719806763285 0.584 0.0821256038647343 0.192
1 0.6630434782608695 0.548 0.09742351046698873 0.13066666666666665
1 0.5161030595813204 0.49733333333333335 0.017713365539452495 0.04533333333333334
0 0.7049114331723028 0.7026666666666667 0.0861513687600644 0.36
0 0.45088566827697263 0.49866666666666665 0.10466988727858294 0.10666666666666667
0 0.9685990338164251 0.9146666666666666 0.05958132045088567 0.16
0 0.5434782608695652 0.49466666666666664 0.014492753623188406 0.06666666666666667
