1 0.1179549114331723 0.708 0.2359098228663446 0.42933333333333334
1 0.4210950080515298 0.524 0.04186795491143317 0.088
1 0.25684380032206117 0.5973333333333334 0.11594202898550725 0.21866666666666668
1 0.34541062801932365 0.5493333333333333 0.05475040257648953 0.112
1 0.5177133655394525 0.496 0.02254428341384863 0.064
1 0.5994363929146538 0.476 0.06843800322061191 0.072
1 0.5917874396135265 0.4666666666666667 0.05958132045088567 0.08533333333333333
1 0.7359098228663447 0.43733333333333335 0.06602254428341385 0.08
0 0.3892914653784219 0.516 0.018518518518518517 0.07733333333333334
0 0.4718196457326892 0.49333333333333335 0.057971014492753624 0.07466666666666667
0 0.6646537842190016 0.44 0.0571658615136876 0.058666666666666666
0 0.9074074074074074 0.44666666666666666 0.0966183574879227 0.088
