1 0.07367149758454106 0.7586666666666667 0.1473429951690821 0.47733333333333333
1 0.18719806763285024 0.708 0.24074074074074073 0.43466666666666665
1 0.6099033816425121 0.532 0.06360708534621579 0.168
1 0.3059581320450886 0.6226666666666667 0.11594202898550725 0.22666666666666666
1 0.358695652173913 0.5733333333333334 0.08293075684380032 0.17066666666666666
1 0.46296296296296297 0.5013333333333333 0.028985507246376812 0.064
1 0.49838969404186795 0.484 0.01610305958132045 0.04
0 0.05475040257648953 0.4866666666666667 0.0853462157809984 0.056
0 0.5648148148148148 0.5 0.016908212560386472 0.088
0 0.6884057971014492 0.48 0.05958132045088567 0.064
