1 0.8586601307189542 0.45 0.13725490196078433 0.14324324324324325
1 0.43300653594771243 0.5108108108108108 0.03431372549019608 0.08648648648648649
2 0.5555555555555556 0.4851351351351351 0.026143790849673203 0.08378378378378379
2 0.5069444444444444 0.48783783783783785 0.025326797385620915 0.08378378378378379
2 0.31209150326797386 0.5283783783783784 0.02287581699346405 0.1
3 0.36968954248366015 0.5162162162162162 0.012254901960784314 0.0918918918918919
0 0.45751633986928103 0.4918918918918919 0.013071895424836602 0.0972972972972973
0 0.7303921568627451 0.44594594594594594 0.10784313725490197 0.0918918918918919
0 0.9812091503267973 0.3918918918918919 0.032679738562091505 0.07027027027027027
0 0.29044117647058826 0.522972972972973 0.010620915032679739 0.08378378378378379
