1 0.02214170692431562 0.7346666666666667 0.04428341384863124 0.344
1 0.9057971014492754 0.6026666666666667 0.18679549114331723 0.624
0 0.7769726247987118 0.7106666666666667 0.34782608695652173 0.2906666666666667
1 0.6904186795491143 0.5853333333333334 0.21336553945249598 0.264
2 0.04106280193236715 0.736 0.0821256038647343 0.5226666666666666
1 0.5833333333333334 0.572 0.12640901771336555 0.17333333333333334
0 0.605877616747182 0.5893333333333334 0.1215780998389694 0.192
0 0.6928341384863124 0.488 0.05555555555555555 0.144
1 0.3417874396135266 0.572 0.06521739130434782 0.12533333333333332
1 0.2536231884057971 0.576 0.04508856682769726 0.128
1 0.24235104669887278 0.5093333333333333 0.05636070853462158 0.224
0 0.1469404186795491 0.5293333333333333 0.1247987117552335 0.09866666666666667
