1 0.5962157809983897 0.476 0.013687600644122383 0.04
1 0.5640096618357487 0.48 0.015297906602254429 0.048
1 0.017713365539452495 0.6293333333333333 0.03542673107890499 0.208
1 0.5056360708534622 0.54 0.08695652173913043 0.2
1 0.3188405797101449 0.5373333333333333 0.05636070853462158 0.104
1 0.40942028985507245 0.5146666666666667 0.036231884057971016 0.064
0 0.5064412238325282 0.45866666666666667 0.05314009661835749 0.08533333333333333
0 0.01610305958132045 0.6213333333333333 0.0322061191626409 0.18666666666666668
0 0.25966183574879226 0.5106666666666667 0.04589371980676329 0.08266666666666667
0 0.44082125603864736 0.5 0.0249597423510467 0.06133333333333333
0 0.8160225442834138 0.43066666666666664 0.3615136876006441 0.08266666666666667
