3 0.05032206119162641 0.728 0.10064412238325282 0.5386666666666666
3 0.6831723027375202 0.656 0.0426731078904992 0.4693333333333333
2 0.35426731078904994 0.5653333333333334 0.04186795491143317 0.24
2 0.3993558776167472 0.532 0.020933977455716585 0.184
3 0.4472624798711755 0.5186666666666667 0.013687600644122383 0.10933333333333334
3 0.43478260869565216 0.5146666666666667 0.01288244766505636 0.11733333333333333
0 0.027777777777777776 0.716 0.05555555555555555 0.5573333333333333
0 0.4975845410628019 0.4866666666666667 0.01932367149758454 0.104
0 0.6219806763285024 0.5133333333333333 0.0249597423510467 0.14666666666666667
0 0.5615942028985508 0.48533333333333334 0.021739130434782608 0.08533333333333333
