1 0.03180354267310789 0.796 0.06360708534621579 0.4026666666666667
1 0.8542673107890499 0.7413333333333333 0.2898550724637681 0.512
1 0.31280193236714976 0.5853333333333334 0.0861513687600644 0.17866666666666667
1 0.6384863123993558 0.6 0.11916264090177134 0.26666666666666666
1 0.5946054750402576 0.556 0.07648953301127215 0.17866666666666667
1 0.3538647342995169 0.5586666666666666 0.05394524959742351 0.13066666666666665
3 0.6018518518518519 0.49066666666666664 0.013687600644122383 0.144
3 0.6167471819645732 0.49066666666666664 0.01610305958132045 0.144
0 0.0213365539452496 0.848 0.0426731078904992 0.29333333333333333
0 0.09541062801932366 0.5746666666666667 0.19082125603864733 0.15733333333333333
0 0.6992753623188406 0.448 0.04750402576489533 0.037333333333333336
