1 0.023752012882447666 0.5013333333333333 0.04750402576489533 0.12266666666666666
1 0.05112721417069243 0.47733333333333333 0.0748792270531401 0.128
1 0.45088566827697263 0.49066666666666664 0.06280193236714976 0.08
3 0.643719806763285 0.468 0.010466988727858293 0.07733333333333334
1 0.605475040257649 0.45866666666666667 0.03542673107890499 0.08533333333333333
1 0.6300322061191627 0.46266666666666667 0.036231884057971016 0.06666666666666667
1 0.6646537842190016 0.46 0.04428341384863124 0.06133333333333333
0 0.14090177133655393 0.476 0.07568438003220612 0.07733333333333334
0 0.36272141706924316 0.468 0.050724637681159424 0.088
0 0.2463768115942029 0.448 0.06280193236714976 0.064
0 0.8438003220611916 0.44266666666666665 0.2673107890499195 0.08533333333333333
0 0.6135265700483091 0.4093333333333333 0.1610305958132045 0.029333333333333333
