1 0.5970209339774557 0.5 0.09581320450885668 0.11466666666666667
1 0.8812399355877617 0.43866666666666665 0.09581320450885668 0.09333333333333334
1 0.9343800322061192 0.444 0.10386473429951691 0.10933333333333334
1 0.9593397745571659 0.44666666666666666 0.07971014492753623 0.12
1 0.7822061191626409 0.44666666666666666 0.06521739130434782 0.06666666666666667
1 0.4190821256038647 0.52 0.03140096618357488 0.08
1 0.6884057971014492 0.4493333333333333 0.028985507246376812 0.06133333333333333
0 0.48752012882447665 0.49466666666666664 0.107085346215781 0.08266666666666667
0 0.7266505636070854 0.44666666666666666 0.04428341384863124 0.072
0 0.6662640901771336 0.432 0.012077294685990338 0.08533333333333333
