2 0.7012882447665056 0.5493333333333333 0.0644122383252818 0.336
2 0.6034621578099839 0.508 0.015297906602254429 0.136
3 0.6187600644122383 0.504 0.012077294685990338 0.10133333333333333
3 0.6328502415458938 0.5013333333333333 0.00966183574879227 0.10133333333333333
0 0.6308373590982287 0.5213333333333333 0.012077294685990338 0.06133333333333333
2 0.5764895330112721 0.49866666666666665 0.008051529790660225 0.07466666666666667
0 0.39170692431562 0.476 0.013687600644122383 0.04533333333333334
0 0.8671497584541062 0.512 0.2608695652173913 0.224
0 0.6533816425120773 0.464 0.029790660225442835 0.06933333333333333
0 0.5213365539452496 0.468 0.09098228663446055 0.050666666666666665
