1 0.12336601307189543 0.7675675675675676 0.24673202614379086 0.4594594594594595
3 0.7990196078431373 0.6013513513513513 0.06535947712418301 0.4189189189189189
3 0.8223039215686274 0.6040540540540541 0.07107843137254902 0.46756756756756757
2 0.823937908496732 0.4905405405405405 0.03022875816993464 0.1864864864864865
3 0.33905228758169936 0.5986486486486486 0.04084967320261438 0.2945945945945946
3 0.3075980392156863 0.6081081081081081 0.03839869281045752 0.2918918918918919
1 0.3786764705882353 0.49324324324324326 0.028594771241830064 0.06756756756756757
1 0.5563725490196079 0.4864864864864865 0.03758169934640523 0.07567567567567568
0 0.5220588235294118 0.4635135135135135 0.021241830065359478 0.04054054054054054
0 0.4244281045751634 0.47702702702702704 0.01715686274509804 0.04054054054054054
0 0.24632352941176472 0.5351351351351351 0.018790849673202614 0.08648648648648649
0 0.7303921568627451 0.46756756756756757 0.021241830065359478 0.11351351351351352
0 0.6131535947712419 0.4594594594594595 0.007352941176470588 0.07567567567567568
