1 0.3413848631239936 0.49866666666666665 0.07085346215780998 0.09066666666666667
3 0.5990338164251208 0.4746666666666667 0.00966183574879227 0.08
1 0.5676328502415459 0.468 0.037037037037037035 0.088
1 0.5909822866344605 0.4746666666666667 0.037037037037037035 0.06933333333333333
1 0.6264090177133655 0.47333333333333333 0.04508856682769726 0.06133333333333333
1 0.7379227053140096 0.46 0.04911433172302738 0.08266666666666667
1 0.7616747181964574 0.464 0.03864734299516908 0.058666666666666666
1 0.7962962962962963 0.45866666666666667 0.043478260869565216 0.064
0 0.27938808373590984 0.4786666666666667 0.02576489533011272 0.09866666666666667
0 0.04669887278582931 0.496 0.09339774557165861 0.08533333333333333
0 0.6803542673107891 0.4493333333333333 0.03864734299516908 0.06133333333333333
0 0.9090177133655395 0.456 0.17713365539452497 0.09066666666666667
0 0.5684380032206119 0.42933333333333334 0.16586151368760063 0.042666666666666665
