3 0.5416666666666666 0.4689189189189189 0.0196078431372549 0.15405405405405406
3 0.22589869281045752 0.5391891891891892 0.035130718954248366 0.327027027027027
3 0.7536764705882353 0.6824324324324325 0.0727124183006536 0.6297297297297297
3 0.6842320261437909 0.6945945945945946 0.07761437908496732 0.6054054054054054
3 0.9285130718954249 0.6878378378378378 0.14133986928104575 0.6189189189189189
3 0.9595588235294118 0.6986486486486486 0.07924836601307189 0.5972972972972973
3 0.6756535947712419 0.5162162162162162 0.029411764705882353 0.20540540540540542
3 0.46282679738562094 0.6945945945945946 0.056372549019607844 0.5891891891891892
3 0.4922385620915033 0.6608108108108108 0.041666666666666664 0.46216216216216216
3 0.5343137254901961 0.6378378378378379 0.04738562091503268 0.5081081081081081
3 0.5759803921568627 0.6581081081081082 0.04084967320261438 0.4081081081081081
3 0.6066176470588235 0.6121621621621621 0.049836601307189546 0.44594594594594594
3 0.6633986928104575 0.6378378378378379 0.05228758169934641 0.42702702702702705
3 0.4395424836601307 0.5297297297297298 0.029411764705882353 0.2918918918918919
3 0.4959150326797386 0.5337837837837838 0.042483660130718956 0.27297297297297296
3 0.5273692810457516 0.518918918918919 0.04493464052287582 0.2972972972972973
3 0.5763888888888888 0.5216216216216216 0.04656862745098039 0.2810810810810811
1 0.1090686274509804 0.49864864864864866 0.2181372549019608 0.9972972972972973
0 0.40727124183006536 0.4297297297297297 0.01715686274509804 0.10810810810810811
0 0.2757352941176471 0.47162162162162163 0.05473856209150327 0.1918918918918919
0 0.6470588235294118 0.3567567567567568 0.00980392156862745 0.02702702702702703
0 0.8823529411764706 0.3364864864864865 0.20915032679738563 0.062162162162162166
