2 0.7729468599033816 0.616 0.07246376811594203 0.43733333333333335
3 0.6304347826086957 0.552 0.024154589371980676 0.2773333333333333
4 0.9975845410628019 0.772 0.00322061191626409 0.36
3 0.8309178743961353 0.58 0.03542673107890499 0.312
3 0.8003220611916264 0.5706666666666667 0.028985507246376812 0.272
3 0.20974235104669886 0.5626666666666666 0.0249597423510467 0.21866666666666668
3 0.27053140096618356 0.5573333333333333 0.020933977455716585 0.224
2 0.4082125603864734 0.5106666666666667 0.027375201288244767 0.136
1 0.4617552334943639 0.47333333333333333 0.050724637681159424 0.13066666666666665
0 0.09621578099838969 0.5853333333333334 0.19243156199677938 0.17333333333333334
0 0.3280998389694042 0.49733333333333335 0.03462157809983897 0.14133333333333334
0 0.6876006441223832 0.5493333333333333 0.07890499194847021 0.192
