1 0.10587761674718196 0.64 0.18276972624798712 0.25066666666666665
0 0.5736714975845411 0.4533333333333333 0.033011272141706925 0.096
1 0.2431561996779388 0.5626666666666666 0.09339774557165861 0.18666666666666668
1 0.29830917874396135 0.556 0.06360708534621579 0.12
1 0.33172302737520126 0.5346666666666666 0.057971014492753624 0.12
1 0.37962962962962965 0.5226666666666666 0.03784219001610306 0.08
1 0.3973429951690821 0.516 0.03140096618357488 0.06666666666666667
0 0.43397745571658614 0.48933333333333334 0.02254428341384863 0.050666666666666665
0 0.6634460547504025 0.476 0.01288244766505636 0.08266666666666667
0 0.6167471819645732 0.46266666666666667 0.004830917874396135 0.056
0 0.5374396135265701 0.4613333333333333 0.0249597423510467 0.02666666666666667
