0 0.5676328502415459 0.44533333333333336 0.037037037037037035 0.096
1 0.07809983896940419 0.644 0.15619967793880837 0.33866666666666667
1 0.1888083735909823 0.6053333333333333 0.11674718196457327 0.18666666666666668
1 0.2572463768115942 0.5626666666666666 0.09259259259259259 0.17066666666666666
1 0.33695652173913043 0.5346666666666666 0.05233494363929147 0.09866666666666667
1 0.3643317230273752 0.524 0.04106280193236715 0.08266666666666667
1 0.4170692431561997 0.5 0.02576489533011272 0.056
0 0.6706924315619968 0.4706666666666667 0.01288244766505636 0.08266666666666667
0 0.6191626409017713 0.4573333333333333 0.00966183574879227 0.056
0 0.5233494363929146 0.45466666666666666 0.037037037037037035 0.029333333333333333
