1 0.8280998389694042 0.776 0.3421900161030596 0.44266666666666665
1 0.5563607085346216 0.5426666666666666 0.05636070853462158 0.152
1 0.2926731078904992 0.5733333333333334 0.1247987117552335 0.16
1 0.3164251207729469 0.556 0.13365539452495975 0.14666666666666667
1 0.3695652173913043 0.5306666666666666 0.09178743961352658 0.128
1 0.535426731078905 0.536 0.0322061191626409 0.09066666666666667
3 0.13969404186795492 0.5466666666666666 0.018518518518518517 0.18133333333333335
0 0.27657004830917875 0.648 0.09259259259259259 0.176
0 0.23832528180354268 0.664 0.07085346215780998 0.25066666666666665
0 0.3003220611916264 0.604 0.08051529790660225 0.168
0 0.3196457326892109 0.6 0.06602254428341385 0.14933333333333335
0 0.6698872785829307 0.6933333333333334 0.13526570048309178 0.2826666666666667
0 0.4665861513687601 0.5106666666666667 0.09742351046698873 0.088
