1 0.5454911433172303 0.5133333333333333 0.061996779388083734 0.152
1 0.28502415458937197 0.548 0.06763285024154589 0.11466666666666667
1 0.39492753623188404 0.5186666666666667 0.04106280193236715 0.072
0 0.5068438003220612 0.45866666666666667 0.05394524959742351 0.08533333333333333
0 0.02576489533011272 0.8693333333333333 0.05152979066022544 0.25066666666666665
0 0.44041867954911434 0.496 0.024154589371980676 0.05333333333333334
0 0.5921900161030595 0.4746666666666667 0.018518518518518517 0.048
0 0.8188405797101449 0.44 0.35909822866344604 0.058666666666666666
0 0.23671497584541062 0.5293333333333333 0.030595813204508857 0.04
0 0.16183574879227053 0.5506666666666666 0.07407407407407407 0.056
0 0.4335748792270531 0.45866666666666667 0.07971014492753623 0.042666666666666665
