1 0.08454106280193237 0.5053333333333333 0.12238325281803543 0.11466666666666667
1 0.10789049919484701 0.472 0.0644122383252818 0.11733333333333333
1 0.5112721417069244 0.48933333333333334 0.05958132045088567 0.07733333333333334
3 0.6662640901771336 0.4693333333333333 0.008856682769726247 0.07466666666666667
1 0.6272141706924316 0.46 0.033816425120772944 0.08266666666666667
1 0.6505636070853462 0.464 0.033816425120772944 0.064
1 0.6855877616747182 0.4666666666666667 0.04428341384863124 0.058666666666666666
0 0.18800322061191627 0.476 0.061996779388083734 0.07733333333333334
0 0.3824476650563607 0.4693333333333333 0.017713365539452495 0.08
0 0.8719806763285024 0.4533333333333333 0.2528180354267311 0.07466666666666667
0 0.6336553945249598 0.412 0.16264090177133655 0.04533333333333334
