1 0.7705314009661836 0.768 0.2962962962962963 0.45866666666666667
1 0.5515297906602254 0.54 0.05152979066022544 0.14133333333333334
1 0.3115942028985507 0.5613333333333334 0.11272141706924316 0.14666666666666667
1 0.3329307568438003 0.5466666666666666 0.1215780998389694 0.13333333333333333
1 0.3776167471819646 0.5186666666666667 0.0853462157809984 0.12
1 0.533816425120773 0.5306666666666666 0.030595813204508857 0.08533333333333333
3 0.17552334943639292 0.5306666666666666 0.014492753623188406 0.16
0 0.30636070853462155 0.6226666666666667 0.07971014492753623 0.152
0 0.2781803542673108 0.6306666666666667 0.05394524959742351 0.20533333333333334
0 0.32407407407407407 0.5893333333333334 0.07004830917874397 0.14933333333333335
0 0.3389694041867955 0.5866666666666667 0.057971014492753624 0.13333333333333333
0 0.6400966183574879 0.6466666666666666 0.10789049919484701 0.22666666666666666
0 0.4690016103059581 0.5 0.09259259259259259 0.08266666666666667
0 0.6139291465378421 0.472 0.010466988727858293 0.048
