1 0.8816425120772947 0.756 0.23510466988727857 0.4826666666666667
1 0.29911433172302737 0.632 0.12962962962962962 0.2613333333333333
1 0.358695652173913 0.5853333333333334 0.08132045088566828 0.184
1 0.5829307568438004 0.5226666666666666 0.040257648953301126 0.112
1 0.392914653784219 0.5693333333333334 0.057971014492753624 0.12533333333333332
1 0.4146537842190016 0.5506666666666666 0.04669887278582931 0.10933333333333334
1 0.05434782608695652 0.6026666666666667 0.10869565217391304 0.17066666666666666
0 0.20209339774557167 0.5346666666666666 0.057971014492753624 0.104
0 0.4915458937198068 0.504 0.05555555555555555 0.06933333333333333
0 0.5366344605475041 0.48 0.012077294685990338 0.042666666666666665
