1 0.1892109500805153 0.656 0.17391304347826086 0.31466666666666665
1 0.8260869565217391 0.744 0.3462157809983897 0.5066666666666667
1 0.2805958132045089 0.596 0.11191626409017713 0.216
1 0.6666666666666666 0.6213333333333333 0.13526570048309178 0.288
1 0.40499194847020936 0.5026666666666667 0.04508856682769726 0.06133333333333333
3 0.5458937198067633 0.49466666666666664 0.01288244766505636 0.08266666666666667
1 0.5418679549114331 0.45466666666666666 0.061191626409017714 0.104
0 0.3470209339774557 0.492 0.020933977455716585 0.04533333333333334
0 0.48792270531400966 0.48133333333333334 0.03864734299516908 0.06133333333333333
0 0.5857487922705314 0.4866666666666667 0.010466988727858293 0.08266666666666667
