1 0.47703464947622887 0.5039893617021277 0.029008863819500404 0.08776595744680851
1 0.02215954875100725 0.6914893617021277 0.0443190975020145 0.2712765957446808
1 0.22804190169218372 0.675531914893617 0.185334407735697 0.3404255319148936
1 0.21474617244157937 0.5625 0.10556003223207092 0.18882978723404256
1 0.3460918614020951 0.5611702127659575 0.07655116841257051 0.15425531914893617
1 0.39403706688154716 0.5319148936170213 0.043513295729250605 0.09574468085106383
0 0.4266720386784851 0.4933510638297872 0.028203062046736505 0.09840425531914894
1 0.05801772763900081 0.5651595744680851 0.11603545527800162 0.27925531914893614
0 0.014907332796132152 0.761968085106383 0.029814665592264304 0.11436170212765957
0 0.14585012087026591 0.4574468085106383 0.0547945205479452 0.07446808510638298
0 0.38839645447219984 0.4587765957446808 0.041901692183722805 0.0398936170212766
0 0.44883158742949236 0.46941489361702127 0.009669621273166801 0.05585106382978723
