1 0.018518518518518517 0.6906666666666667 0.037037037037037035 0.39466666666666667
1 0.055958132045088566 0.6573333333333333 0.11191626409017713 0.344
1 0.14170692431561996 0.588 0.1111111111111111 0.19466666666666665
1 0.20933977455716588 0.5666666666666667 0.13848631239935588 0.17333333333333334
1 0.33695652173913043 0.5253333333333333 0.04589371980676329 0.10666666666666667
1 0.3530595813204509 0.5146666666666667 0.04106280193236715 0.08533333333333333
3 0.28381642512077293 0.56 0.016908212560386472 0.16
3 0.285829307568438 0.584 0.011272141706924315 0.112
0 0.391304347826087 0.5 0.024154589371980676 0.07733333333333334
0 0.46256038647342995 0.48 0.021739130434782608 0.037333333333333336
0 0.538244766505636 0.48 0.04428341384863124 0.06933333333333333
0 0.8264895330112721 0.4226666666666667 0.3421900161030596 0.12533333333333332
0 0.3023349436392915 0.5066666666666667 0.016908212560386472 0.08533333333333333
