1 0.04911433172302738 0.7386666666666667 0.09822866344605476 0.5173333333333333
1 0.7387278582930756 0.752 0.2632850241545894 0.49066666666666664
1 0.19887278582930756 0.6346666666666667 0.2463768115942029 0.26666666666666666
1 0.5938003220611916 0.5693333333333334 0.07809983896940419 0.16266666666666665
1 0.2359098228663446 0.588 0.17552334943639292 0.22666666666666666
1 0.26972624798711753 0.5506666666666666 0.13365539452495975 0.21066666666666667
1 0.5434782608695652 0.5066666666666667 0.033816425120772944 0.096
1 0.38164251207729466 0.5186666666666667 0.07085346215780998 0.09333333333333334
0 0.04066022544283414 0.8026666666666666 0.08132045088566828 0.384
0 0.47101449275362317 0.49866666666666665 0.0998389694041868 0.10133333333333333
0 0.40660225442834136 0.45466666666666666 0.033816425120772944 0.013333333333333334
