1 0.33494363929146537 0.5853333333333334 0.061191626409017714 0.136
1 0.5547504025764896 0.528 0.04669887278582931 0.11733333333333333
1 0.36594202898550726 0.5613333333333334 0.04911433172302738 0.104
1 0.39492753623188404 0.5333333333333333 0.036231884057971016 0.096
1 0.40660225442834136 0.5253333333333333 0.030595813204508857 0.07466666666666667
1 0.8832528180354268 0.416 0.08695652173913043 0.128
1 0.026570048309178744 0.6133333333333333 0.05314009661835749 0.10133333333333333
1 0.05112721417069243 0.6093333333333333 0.0861513687600644 0.104
1 0.09219001610305957 0.6026666666666667 0.09098228663446055 0.112
0 0.47101449275362317 0.5026666666666667 0.0966183574879227 0.09333333333333334
0 0.9549114331723028 0.39066666666666666 0.08695652173913043 0.15733333333333333
0 0.7012882447665056 0.45466666666666666 0.01932367149758454 0.050666666666666665
