1 0.5958132045088567 0.5706666666666667 0.08373590982286634 0.20266666666666666
1 0.9082125603864735 0.5813333333333334 0.1819645732689211 0.3253333333333333
1 0.8743961352657005 0.496 0.249597423510467 0.31466666666666665
0 0.28180354267310787 0.6293333333333333 0.07407407407407407 0.12266666666666666
1 0.32286634460547503 0.568 0.07568438003220612 0.16533333333333333
1 0.13123993558776167 0.7186666666666667 0.20933977455716588 0.34933333333333333
1 0.7467793880837359 0.5053333333333333 0.15539452495974235 0.17866666666666667
1 0.3828502415458937 0.532 0.0426731078904992 0.09866666666666667
0 0.47020933977455714 0.5053333333333333 0.1288244766505636 0.104
0 0.6038647342995169 0.45066666666666666 0.05958132045088567 0.032
