3 0.5603864734299517 0.5 0.00644122383252818 0.06666666666666667
1 0.1247987117552335 0.516 0.08856682769726248 0.12
0 0.18317230273752014 0.5173333333333333 0.03462157809983897 0.08
1 0.24074074074074073 0.5293333333333333 0.05475040257648953 0.09333333333333334
1 0.20491143317230273 0.532 0.06682769726247988 0.088
1 0.321658615136876 0.5026666666666667 0.036231884057971016 0.06666666666666667
1 0.2966988727858293 0.5026666666666667 0.036231884057971016 0.06666666666666667
1 0.3747987117552335 0.492 0.021739130434782608 0.04533333333333334
0 0.534621578099839 0.4786666666666667 0.00966183574879227 0.06133333333333333
0 0.6586151368760065 0.524 0.04830917874396135 0.04533333333333334
0 0.5950080515297906 0.4786666666666667 0.014492753623188406 0.050666666666666665
0 0.4834943639291465 0.472 0.015297906602254429 0.016
0 0.4492753623188406 0.4746666666666667 0.00966183574879227 0.02666666666666667
0 0.6316425120772947 0.49066666666666664 0.033011272141706925 0.02666666666666667
