1 0.7222222222222222 0.696 0.22383252818035426 0.4533333333333333
0 0.10547504025764895 0.788 0.18518518518518517 0.27466666666666667
1 0.22584541062801933 0.644 0.15056360708534622 0.2853333333333333
1 0.9066022544283414 0.5133333333333333 0.18518518518518517 0.32266666666666666
1 0.35507246376811596 0.5546666666666666 0.061191626409017714 0.13333333333333333
1 0.38164251207729466 0.5373333333333333 0.04508856682769726 0.09866666666666667
1 0.3977455716586151 0.528 0.03542673107890499 0.08533333333333333
1 0.8731884057971014 0.44133333333333336 0.09098228663446055 0.088
1 0.8446054750402576 0.43866666666666665 0.0853462157809984 0.088
1 0.8313204508856683 0.44133333333333336 0.0861513687600644 0.07733333333333334
1 0.8164251207729468 0.43333333333333335 0.07890499194847021 0.072
0 0.4416264090177134 0.5053333333333333 0.050724637681159424 0.088
0 0.6276167471819646 0.4653333333333333 0.10064412238325282 0.08266666666666667
0 0.5245571658615137 0.49066666666666664 0.05555555555555555 0.07466666666666667
