3 0.47495961227786754 0.516042780748663 0.014539579967689823 0.1443850267379679
3 0.49353796445880455 0.5106951871657754 0.014539579967689823 0.1497326203208556
3 0.3150242326332795 0.6443850267379679 0.048465266558966075 0.44385026737967914
3 0.9668820678513732 0.6016042780748663 0.05331179321486268 0.47593582887700536
3 0.33117932148626816 0.5588235294117647 0.03231017770597738 0.21390374331550802
3 0.3166397415185784 0.6216577540106952 0.048465266558966075 0.30213903743315507
1 0.15791599353796446 0.6550802139037433 0.3158319870759289 0.6844919786096256
3 0.6712439418416801 0.5628342245989305 0.045234248788368334 0.3502673796791444
3 0.8824717285945073 0.5668449197860963 0.062197092084006464 0.42780748663101603
3 0.40508885298869146 0.5053475935828877 0.012116316639741519 0.12834224598930483
1 0.3392568659127625 0.5240641711229946 0.08239095315024232 0.2192513368983957
1 0.37318255250403876 0.5026737967914439 0.050080775444264945 0.16042780748663102
0 0.5674474959612278 0.5508021390374331 0.06058158319870759 0.16042780748663102
0 0.45638126009693053 0.4679144385026738 0.012924071082390954 0.08021390374331551
0 0.4155896607431341 0.46524064171123 0.007269789983844911 0.0748663101604278
