1 0.2677133655394525 0.5866666666666667 0.1280193236714976 0.16533333333333333
1 0.43156199677938806 0.524 0.0644122383252818 0.10933333333333334
1 0.06884057971014493 0.5853333333333334 0.13768115942028986 0.20533333333333334
1 0.3474235104669887 0.5093333333333333 0.061996779388083734 0.112
1 0.4303542673107891 0.5053333333333333 0.0249597423510467 0.06133333333333333
1 0.49879227053140096 0.5 0.039452495974235106 0.07733333333333334
1 0.5607890499194848 0.48 0.018518518518518517 0.048
0 0.532608695652174 0.4706666666666667 0.013687600644122383 0.029333333333333333
0 0.5873590982286635 0.448 0.0426731078904992 0.08533333333333333
0 0.8188405797101449 0.43066666666666664 0.35909822866344604 0.06133333333333333
0 0.16666666666666666 0.5466666666666666 0.040257648953301126 0.058666666666666666
