1 0.14935587761674718 0.7626666666666667 0.29871175523349436 0.4693333333333333
3 0.6867954911433173 0.528 0.024154589371980676 0.224
1 0.6992753623188406 0.6333333333333333 0.13768115942028986 0.296
1 0.6392914653784219 0.58 0.08373590982286634 0.18933333333333333
1 0.3828502415458937 0.5773333333333334 0.08454106280193237 0.18933333333333333
1 0.4170692431561997 0.552 0.05475040257648953 0.13333333333333333
1 0.6022544283413849 0.5453333333333333 0.057971014492753624 0.136
1 0.44122383252818037 0.532 0.04186795491143317 0.12
1 0.4774557165861514 0.516 0.040257648953301126 0.088
1 0.5877616747181964 0.528 0.03542673107890499 0.10666666666666667
1 0.5487117552334944 0.5013333333333333 0.04106280193236715 0.064
0 0.29830917874396135 0.5093333333333333 0.07971014492753623 0.037333333333333336
0 0.6348631239935588 0.452 0.071658615136876 0.04
