1 0.020531400966183576 0.528 0.04106280193236715 0.15466666666666667
1 0.22987117552334943 0.5013333333333333 0.0893719806763285 0.09066666666666667
1 0.18438003220611915 0.476 0.05475040257648953 0.104
1 0.6111111111111112 0.48533333333333334 0.05636070853462158 0.06933333333333333
3 0.6992753623188406 0.468 0.008856682769726247 0.072
1 0.6561996779388084 0.46266666666666667 0.0322061191626409 0.07733333333333334
1 0.678743961352657 0.4653333333333333 0.0322061191626409 0.06133333333333333
0 0.8518518518518519 0.4533333333333333 0.29307568438003223 0.08
0 0.4464573268921095 0.43866666666666665 0.018518518518518517 0.018666666666666668
0 0.6622383252818036 0.42 0.18115942028985507 0.024
