1 0.9263285024154589 0.6426666666666667 0.1457326892109501 0.3626666666666667
1 0.321256038647343 0.6186666666666667 0.12238325281803543 0.2613333333333333
1 0.6400966183574879 0.6093333333333333 0.1111111111111111 0.25866666666666666
1 0.36594202898550726 0.5373333333333333 0.0861513687600644 0.248
1 0.5958132045088567 0.5666666666666667 0.0853462157809984 0.184
1 0.5748792270531401 0.532 0.04508856682769726 0.12533333333333332
1 0.23792270531400966 0.48933333333333334 0.1682769726247987 0.2
1 0.5024154589371981 0.48133333333333334 0.02254428341384863 0.08266666666666667
1 0.6618357487922706 0.46 0.09822866344605476 0.12533333333333332
0 0.41988727858293073 0.49466666666666664 0.021739130434782608 0.06666666666666667
0 0.46256038647342995 0.47733333333333333 0.018518518518518517 0.048
0 0.539049919484702 0.4533333333333333 0.023349436392914653 0.07466666666666667
