1 0.8812399355877617 0.6546666666666666 0.2359098228663446 0.4186666666666667
3 0.7894524959742351 0.564 0.036231884057971016 0.30133333333333334
1 0.7797906602254429 0.5386666666666666 0.1280193236714976 0.29333333333333333
1 0.017310789049919485 0.5213333333333333 0.03462157809983897 0.216
1 0.04911433172302738 0.512 0.09822866344605476 0.18133333333333335
1 0.08816425120772947 0.524 0.09903381642512077 0.13066666666666665
0 0.3892914653784219 0.4706666666666667 0.05877616747181964 0.10933333333333334
0 0.1723027375201288 0.5 0.07085346215780998 0.11466666666666667
0 0.2918679549114332 0.4706666666666667 0.1247987117552335 0.06133333333333333
0 0.6529790660225443 0.44666666666666666 0.10628019323671498 0.06666666666666667
0 0.5088566827697263 0.46266666666666667 0.1111111111111111 0.04533333333333334
