1 0.0889694041867955 0.6626666666666666 0.177938808373591 0.2853333333333333
1 0.14855072463768115 0.6266666666666667 0.20531400966183574 0.23466666666666666
1 0.3055555555555556 0.5386666666666666 0.11030595813204509 0.14933333333333335
1 0.39090177133655396 0.5173333333333333 0.05233494363929147 0.06933333333333333
0 0.21859903381642512 0.5853333333333334 0.07004830917874397 0.16266666666666665
2 0.6884057971014492 0.5026666666666667 0.02576489533011272 0.14133333333333334
2 0.6557971014492754 0.504 0.018518518518518517 0.10666666666666667
2 0.6376811594202898 0.49866666666666665 0.014492753623188406 0.09066666666666667
0 0.49597423510466987 0.49466666666666664 0.01932367149758454 0.06133333333333333
0 0.788244766505636 0.46 0.1143317230273752 0.050666666666666665
0 0.4690016103059581 0.48133333333333334 0.012077294685990338 0.029333333333333333
