1 0.08132045088566828 0.6333333333333333 0.16264090177133655 0.2693333333333333
1 0.2898550724637681 0.5506666666666666 0.06280193236714976 0.136
1 0.3168276972624799 0.528 0.05555555555555555 0.10666666666666667
1 0.34581320450885666 0.524 0.039452495974235106 0.07733333333333334
1 0.3639291465378422 0.5066666666666667 0.043478260869565216 0.06933333333333333
1 0.535426731078905 0.49066666666666664 0.020933977455716585 0.05333333333333334
3 0.1710950080515298 0.608 0.02818035426731079 0.24
3 0.16867954911433172 0.6426666666666667 0.02818035426731079 0.17066666666666666
0 0.2459742351046699 0.5386666666666666 0.018518518518518517 0.08533333333333333
0 0.4114331723027375 0.4826666666666667 0.008051529790660225 0.02666666666666667
0 0.44363929146537845 0.496 0.024154589371980676 0.058666666666666666
0 0.7914653784219001 0.428 0.249597423510467 0.07733333333333334
0 0.9955716586151369 0.42133333333333334 0.004025764895330112 0.08
0 0.5909822866344605 0.4573333333333333 0.00966183574879227 0.024
0 0.5547504025764896 0.4706666666666667 0.014492753623188406 0.056
0 0.5241545893719807 0.464 0.02254428341384863 0.08
