1 0.07407407407407407 0.756 0.14814814814814814 0.4826666666666667
1 0.2576489533011272 0.7386666666666667 0.32689210950080516 0.5173333333333333
1 0.8586956521739131 0.7706666666666667 0.2809983896940419 0.4533333333333333
1 0.45652173913043476 0.5946666666666667 0.1111111111111111 0.256
1 0.5462962962962963 0.49866666666666665 0.0426731078904992 0.10666666666666667
1 0.6731078904991948 0.548 0.057971014492753624 0.168
1 0.6686795491143317 0.5426666666666666 0.04428341384863124 0.12
0 0.04589371980676329 0.92 0.09178743961352658 0.14933333333333335
0 0.605877616747182 0.4693333333333333 0.06360708534621579 0.08
0 0.45088566827697263 0.44666666666666666 0.03864734299516908 0.029333333333333333
