3 0.7728758169934641 0.677027027027027 0.10457516339869281 0.6405405405405405
3 0.7001633986928104 0.6459459459459459 0.15849673202614378 0.7027027027027027
3 0.29901960784313725 0.6418918918918919 0.058823529411764705 0.4783783783783784
3 0.49468954248366015 0.5108108108108108 0.02696078431372549 0.24864864864864866
3 0.44485294117647056 0.46621621621621623 0.02042483660130719 0.21891891891891893
3 0.4701797385620915 0.4810810810810811 0.018790849673202614 0.1891891891891892
3 0.514297385620915 0.4851351351351351 0.01715686274509804 0.17567567567567569
2 0.3991013071895425 0.4486486486486487 0.03022875816993464 0.11891891891891893
0 0.8386437908496732 0.35 0.02042483660130719 0.04054054054054054
0 0.8929738562091504 0.3472972972972973 0.0784313725490196 0.03513513513513514
0 0.3590686274509804 0.44324324324324327 0.02369281045751634 0.12432432432432433
0 0.22794117647058823 0.4810810810810811 0.07026143790849673 0.1945945945945946
