1 0.36553945249597425 0.5066666666666667 0.1143317230273752 0.272
2 0.5418679549114331 0.5306666666666666 0.03542673107890499 0.15466666666666667
3 0.894122383252818 0.5586666666666666 0.03462157809983897 0.264
3 0.7946859903381642 0.5386666666666666 0.028985507246376812 0.21866666666666668
4 0.716988727858293 0.556 0.04911433172302738 0.15733333333333333
4 0.7041062801932367 0.552 0.04911433172302738 0.13866666666666666
1 0.29347826086956524 0.524 0.07971014492753623 0.088
0 0.21739130434782608 0.5 0.024154589371980676 0.16266666666666665
0 0.10587761674718196 0.5226666666666666 0.06038647342995169 0.10133333333333333
0 0.01288244766505636 0.5266666666666666 0.01288244766505636 0.11466666666666667
