1 0.04388083735909823 0.7133333333333334 0.08776167471819646 0.568
1 0.9070048309178744 0.7333333333333333 0.18438003220611915 0.528
1 0.4178743961352657 0.6146666666666667 0.13526570048309178 0.25333333333333335
3 0.7326892109500805 0.4866666666666667 0.014492753623188406 0.15733333333333333
1 0.7314814814814815 0.5613333333333334 0.07971014492753623 0.184
1 0.711352657004831 0.5373333333333333 0.05877616747181964 0.136
1 0.5201288244766505 0.524 0.05636070853462158 0.13066666666666665
1 0.5410628019323671 0.5066666666666667 0.040257648953301126 0.10133333333333333
1 0.6892109500805152 0.5133333333333333 0.043478260869565216 0.10933333333333334
0 0.02214170692431562 0.8093333333333333 0.04428341384863124 0.37066666666666664
0 0.18760064412238325 0.5053333333333333 0.0322061191626409 0.04533333333333334
0 0.6159420289855072 0.47733333333333333 0.10466988727858294 0.08533333333333333
0 0.6876006441223832 0.444 0.02576489533011272 0.018666666666666668
0 0.7657004830917874 0.436 0.02576489533011272 0.018666666666666668
0 0.4255233494363929 0.472 0.016908212560386472 0.021333333333333333
0 0.46859903381642515 0.4693333333333333 0.030595813204508857 0.032
