3 0.821256038647343 0.5666666666666667 0.05314009661835749 0.47733333333333333
3 0.8880837359098228 0.56 0.05314009661835749 0.48533333333333334
1 0.9017713365539453 0.76 0.19484702093397746 0.4746666666666667
1 0.049516908212560384 0.5986666666666667 0.09903381642512077 0.104
1 0.0249597423510467 0.6426666666666667 0.0499194847020934 0.15466666666666667
1 0.7069243156199678 0.496 0.08373590982286634 0.10133333333333333
1 0.6489533011272142 0.4 0.15619967793880837 0.21333333333333335
1 0.82085346215781 0.49466666666666664 0.1215780998389694 0.12
1 0.2113526570048309 0.556 0.11996779388083736 0.14666666666666667
0 0.11714975845410629 0.5586666666666666 0.036231884057971016 0.06666666666666667
0 0.30152979066022545 0.5213333333333333 0.06038647342995169 0.08266666666666667
0 0.9323671497584541 0.4493333333333333 0.02576489533011272 0.06666666666666667
