1 0.7075163398692811 0.43513513513513513 0.07352941176470588 0.08108108108108109
1 0.4534313725490196 0.4756756756756757 0.02287581699346405 0.05945945945945946
2 0.4930555555555556 0.4743243243243243 0.018790849673202614 0.062162162162162166
3 0.5012254901960784 0.4702702702702703 0.008986928104575163 0.05945945945945946
3 0.3872549019607843 0.48783783783783785 0.008169934640522876 0.06756756756756757
0 0.34844771241830064 0.5054054054054054 0.015522875816993464 0.07027027027027027
0 0.42606209150326796 0.47702702702702704 0.028594771241830064 0.05675675675675676
0 0.056781045751633986 0.5337837837837838 0.04820261437908497 0.04594594594594595
0 0.516748366013072 0.44594594594594594 0.012254901960784314 0.02702702702702703
0 0.6511437908496732 0.44324324324324327 0.03104575163398693 0.043243243243243246
