1 0.06521739130434782 0.7626666666666667 0.13043478260869565 0.4693333333333333
1 0.3888888888888889 0.5333333333333333 0.04186795491143317 0.096
3 0.5563607085346216 0.508 0.01610305958132045 0.11466666666666667
1 0.4537037037037037 0.5 0.05394524959742351 0.06133333333333333
1 0.30475040257648955 0.524 0.06682769726247988 0.07733333333333334
1 0.10869565217391304 0.556 0.09017713365539452 0.14666666666666667
1 0.5422705314009661 0.492 0.0571658615136876 0.056
1 0.43478260869565216 0.472 0.07085346215780998 0.12266666666666666
0 0.8800322061191627 0.8 0.23671497584541062 0.3893333333333333
0 0.34782608695652173 0.508 0.01288244766505636 0.06133333333333333
