2 0.6578099838969405 0.5173333333333333 0.027375201288244767 0.18666666666666668
3 0.6759259259259259 0.5093333333333333 0.016908212560386472 0.13866666666666666
3 0.6928341384863124 0.508 0.015297906602254429 0.14133333333333334
0 0.6900161030595813 0.5346666666666666 0.017713365539452495 0.08266666666666667
2 0.5998389694041868 0.49866666666666665 0.00966183574879227 0.09066666666666667
0 0.8506441223832528 0.48 0.29549114331723025 0.11733333333333333
0 0.9798711755233495 0.6853333333333333 0.037037037037037035 0.5386666666666666
0 0.6268115942028986 0.46266666666666667 0.026570048309178744 0.029333333333333333
0 0.5640096618357487 0.4666666666666667 0.05233494363929147 0.02666666666666667
0 0.499597423510467 0.4786666666666667 0.021739130434782608 0.034666666666666665
0 0.394524959742351 0.4786666666666667 0.011272141706924315 0.024
