1 0.027777777777777776 0.7933333333333333 0.05555555555555555 0.408
1 0.7202093397745571 0.6853333333333333 0.21980676328502416 0.43733333333333335
1 0.15177133655394526 0.6933333333333334 0.20853462157809985 0.32
1 0.30515297906602257 0.576 0.09017713365539452 0.19733333333333333
1 0.4496779388083736 0.504 0.026570048309178744 0.058666666666666666
1 0.34903381642512077 0.5413333333333333 0.06038647342995169 0.13333333333333333
1 0.39009661835748793 0.5253333333333333 0.03784219001610306 0.08
1 0.5225442834138486 0.488 0.01932367149758454 0.05333333333333334
1 0.5889694041867954 0.476 0.0571658615136876 0.056
0 0.01892109500805153 0.8186666666666667 0.03784219001610306 0.352
0 0.42310789049919484 0.5026666666666667 0.020128824476650563 0.06133333333333333
0 0.4830917874396135 0.472 0.00966183574879227 0.037333333333333336
0 0.8079710144927537 0.46 0.11030595813204509 0.07733333333333334
0 0.5511272141706924 0.4666666666666667 0.015297906602254429 0.05333333333333334
0 0.6622383252818036 0.4266666666666667 0.08132045088566828 0.032
