1 0.5624496373892023 0.5558510638297872 0.0499597099113618 0.14893617021276595
0 0.05962933118452861 0.49867021276595747 0.004834810636583401 0.9973404255319149
1 0.032232070910556 0.6861702127659575 0.064464141821112 0.26063829787234044
1 0.17566478646253023 0.6582446808510638 0.16116035455278002 0.29521276595744683
1 0.28726833199033036 0.5824468085106383 0.07332796132151491 0.14893617021276595
0 0.3533440773569702 0.4654255319148936 0.0684931506849315 0.24468085106382978
1 0.12691377921031427 0.6396276595744681 0.11522965350523771 0.18882978723404256
1 0.621273166800967 0.5199468085106383 0.029008863819500404 0.05585106382978723
1 0.6796937953263498 0.5039893617021277 0.021756647864625302 0.0398936170212766
0 0.031426269137792104 0.4973404255319149 0.06285253827558421 0.9946808510638298
0 0.395245769540693 0.49069148936170215 0.012087026591458501 0.07180851063829788
