3 0.027375201288244767 0.632 0.05475040257648953 0.4746666666666667
2 0.6823671497584541 0.5693333333333334 0.050724637681159424 0.296
3 0.607487922705314 0.5186666666666667 0.016908212560386472 0.21066666666666667
3 0.751610305958132 0.5426666666666666 0.023349436392914653 0.22666666666666666
3 0.26851851851851855 0.528 0.026570048309178744 0.18133333333333335
1 0.4758454106280193 0.464 0.04508856682769726 0.11733333333333333
0 0.020128824476650563 0.64 0.040257648953301126 0.4693333333333333
0 0.05636070853462158 0.568 0.02576489533011272 0.176
0 0.11191626409017713 0.5533333333333333 0.04186795491143317 0.14133333333333334
0 0.24516908212560387 0.5426666666666666 0.018518518518518517 0.12
0 0.17270531400966183 0.52 0.02818035426731079 0.08533333333333333
0 0.3148148148148148 0.524 0.043478260869565216 0.168
0 0.3635265700483092 0.4826666666666667 0.03462157809983897 0.112
0 0.4351851851851852 0.496 0.016908212560386472 0.112
0 0.8498389694041868 0.5813333333333334 0.09903381642512077 0.3466666666666667
0 0.7266505636070854 0.528 0.015297906602254429 0.19733333333333333
0 0.6404991948470209 0.5293333333333333 0.02818035426731079 0.16266666666666665
