1 0.030595813204508857 0.8013333333333333 0.061191626409017714 0.392
1 0.35990338164251207 0.5586666666666666 0.04830917874396135 0.10933333333333334
1 0.5454911433172303 0.5133333333333333 0.039452495974235106 0.09866666666666667
1 0.3812399355877617 0.5426666666666666 0.04106280193236715 0.088
1 0.40458937198067635 0.5173333333333333 0.03140096618357488 0.08533333333333333
1 0.0644122383252818 0.5946666666666667 0.07729468599033816 0.09066666666666667
1 0.10466988727858294 0.5893333333333334 0.06924315619967794 0.09066666666666667
1 0.14090177133655393 0.5813333333333334 0.07407407407407407 0.096
1 0.18478260869565216 0.5786666666666667 0.06521739130434782 0.096
0 0.022946859903381644 0.8413333333333334 0.04589371980676329 0.30666666666666664
0 0.011272141706924315 0.6066666666666667 0.02254428341384863 0.07733333333333334
0 0.4714170692431562 0.49866666666666665 0.09581320450885668 0.08533333333333333
0 0.67914653784219 0.448 0.02818035426731079 0.048
0 0.5833333333333334 0.44666666666666666 0.071658615136876 0.050666666666666665
0 0.967391304347826 0.404 0.06038647342995169 0.056
