3 0.3611111111111111 0.584 0.0249597423510467 0.208
3 0.16183574879227053 0.716 0.07568438003220612 0.5626666666666666
3 0.2962962962962963 0.648 0.043478260869565216 0.384
3 0.2560386473429952 0.6333333333333333 0.028985507246376812 0.36
3 0.6175523349436393 0.5666666666666667 0.028985507246376812 0.2693333333333333
3 0.644122383252818 0.568 0.0322061191626409 0.256
3 0.3285024154589372 0.5986666666666667 0.028985507246376812 0.264
0 0.3977455716586151 0.5186666666666667 0.01610305958132045 0.072
0 0.46215780998389694 0.524 0.020933977455716585 0.104
0 0.4424315619967794 0.496 0.005636070853462158 0.048
