1 0.052737520128824475 0.7853333333333333 0.10547504025764895 0.424
1 0.34098228663446056 0.5573333333333333 0.07326892109500806 0.15466666666666667
1 0.8756038647342995 0.7546666666666667 0.2471819645732689 0.48533333333333334
1 0.7290660225442834 0.6773333333333333 0.19082125603864733 0.3893333333333333
1 0.6364734299516909 0.5866666666666667 0.107085346215781 0.224
1 0.37318840579710144 0.536 0.06038647342995169 0.128
1 0.6038647342995169 0.548 0.06602254428341385 0.15733333333333333
0 0.042270531400966184 0.8613333333333333 0.08454106280193237 0.26666666666666666
0 0.40942028985507245 0.492 0.007246376811594203 0.029333333333333333
0 0.44484702093397743 0.48133333333333334 0.036231884057971016 0.04533333333333334
0 0.5261674718196457 0.48 0.04428341384863124 0.07466666666666667
