1 0.9309640522875817 0.45135135135135135 0.136437908496732 0.1783783783783784
1 0.4252450980392157 0.5162162162162162 0.04003267973856209 0.0972972972972973
2 0.5833333333333334 0.47702702702702704 0.03104575163398693 0.0945945945945946
2 0.5326797385620915 0.4891891891891892 0.027777777777777776 0.0918918918918919
2 0.29901960784313725 0.5283783783783784 0.029411764705882353 0.11081081081081082
1 0.7814542483660131 0.4297297297297297 0.06454248366013073 0.06486486486486487
0 0.37663398692810457 0.49864864864864866 0.03431372549019608 0.11081081081081082
0 0.46854575163398693 0.4837837837837838 0.02042483660130719 0.08108108108108109
0 0.5044934640522876 0.4594594594594595 0.013888888888888888 0.043243243243243246
0 0.6147875816993464 0.4635135135135135 0.015522875816993464 0.07297297297297298
0 0.7181372549019608 0.4554054054054054 0.05065359477124183 0.06756756756756757
