3 0.5298202614379085 0.46621621621621623 0.015522875816993464 0.15405405405405406
3 0.26633986928104575 0.5256756756756756 0.027777777777777776 0.3
3 0.352124183006536 0.4635135135135135 0.017973856209150325 0.17027027027027028
3 0.6891339869281046 0.6891891891891891 0.14297385620915032 0.6162162162162163
3 0.8120915032679739 0.7135135135135136 0.08986928104575163 0.5675675675675675
3 0.8933823529411765 0.672972972972973 0.0988562091503268 0.6486486486486487
3 0.9587418300653595 0.672972972972973 0.08088235294117647 0.6486486486486487
1 0.1090686274509804 0.49864864864864866 0.2181372549019608 0.9972972972972973
0 0.306781045751634 0.4337837837837838 0.035130718954248366 0.14324324324324325
0 0.4011437908496732 0.45135135135135135 0.027777777777777776 0.14054054054054055
0 0.4505718954248366 0.44594594594594594 0.03349673202614379 0.11891891891891893
0 0.7896241830065359 0.33918918918918917 0.031862745098039214 0.05675675675675676
