1 0.3643317230273752 0.5866666666666667 0.08454106280193237 0.17066666666666666
1 0.05112721417069243 0.7733333333333333 0.10225442834138486 0.448
1 0.25120772946859904 0.616 0.10789049919484701 0.192
1 0.5217391304347826 0.5133333333333333 0.028985507246376812 0.08266666666666667
1 0.4025764895330113 0.5466666666666666 0.04508856682769726 0.10666666666666667
1 0.6316425120772947 0.488 0.09259259259259259 0.096
1 0.6203703703703703 0.4746666666666667 0.07971014492753623 0.112
1 0.7934782608695652 0.432 0.08454106280193237 0.10133333333333333
0 0.43760064412238325 0.49733333333333335 0.0249597423510467 0.050666666666666665
0 0.47101449275362317 0.48133333333333334 0.01288244766505636 0.04
0 0.5587761674718197 0.484 0.03542673107890499 0.08266666666666667
0 0.49557165861513686 0.488 0.020128824476650563 0.042666666666666665
0 0.717391304347826 0.44266666666666665 0.06280193236714976 0.08
