1 0.5692431561996779 0.5546666666666666 0.061191626409017714 0.15466666666666667
1 0.12399355877616747 0.788 0.24798711755233493 0.4186666666666667
1 0.8289049919484702 0.54 0.2278582930756844 0.216
1 0.7681159420289855 0.496 0.1723027375201288 0.224
0 0.32045088566827695 0.596 0.05475040257648953 0.09333333333333334
1 0.3506441223832528 0.5573333333333333 0.0571658615136876 0.13333333333333333
1 0.24235104669887278 0.6346666666666667 0.11916264090177134 0.224
1 0.6908212560386473 0.5026666666666667 0.12077294685990338 0.14133333333333334
1 0.39170692431562 0.528 0.036231884057971016 0.08533333333333333
1 0.928743961352657 0.4533333333333333 0.11030595813204509 0.11733333333333333
1 0.8872785829307569 0.448 0.10466988727858294 0.096
1 0.9798711755233495 0.43066666666666664 0.03864734299516908 0.17333333333333334
0 0.43478260869565216 0.512 0.04830917874396135 0.08533333333333333
0 0.5056360708534622 0.492 0.043478260869565216 0.06666666666666667
0 0.5913848631239935 0.4653333333333333 0.05233494363929147 0.06133333333333333
