2 0.9138486312399355 0.6266666666666667 0.1706924315619968 0.6773333333333333
2 0.644524959742351 0.512 0.023349436392914653 0.17066666666666666
3 0.6622383252818036 0.5053333333333333 0.016908212560386472 0.13066666666666665
3 0.678743961352657 0.5053333333333333 0.014492753623188406 0.13066666666666665
0 0.6755233494363929 0.5293333333333333 0.01610305958132045 0.07733333333333334
2 0.5942028985507246 0.49733333333333335 0.00966183574879227 0.088
0 0.7560386473429952 0.47733333333333333 0.13365539452495975 0.07466666666666667
0 0.5740740740740741 0.47333333333333333 0.01932367149758454 0.029333333333333333
0 0.3993558776167472 0.4746666666666667 0.020933977455716585 0.032
0 0.499597423510467 0.47733333333333333 0.021739130434782608 0.02666666666666667
0 0.5785024154589372 0.456 0.0861513687600644 0.02666666666666667
