1 0.4963768115942029 0.516 0.021739130434782608 0.072
2 0.8913043478260869 0.632 0.21578099838969403 0.7306666666666667
3 0.7705314009661836 0.7133333333333334 0.06763285024154589 0.568
3 0.679549114331723 0.664 0.04830917874396135 0.4106666666666667
1 0.3079710144927536 0.5626666666666666 0.05233494363929147 0.096
2 0.7673107890499195 0.6466666666666666 0.15780998389694043 0.5626666666666666
0 0.035024154589371984 0.6026666666666667 0.015297906602254429 0.144
0 0.10789049919484701 0.564 0.01932367149758454 0.12533333333333332
0 0.4227053140096618 0.512 0.0499194847020934 0.05333333333333334
0 0.1747181964573269 0.5226666666666666 0.00644122383252818 0.021333333333333333
0 0.06561996779388084 0.5546666666666666 0.007246376811594203 0.05333333333333334
