1 0.32004830917874394 0.5613333333333334 0.0426731078904992 0.12
1 0.2725442834138486 0.5306666666666666 0.04911433172302738 0.11733333333333333
1 0.09017713365539452 0.68 0.1529790660225443 0.2613333333333333
1 0.12439613526570048 0.5693333333333334 0.07004830917874397 0.06666666666666667
1 0.6956521739130435 0.5093333333333333 0.03542673107890499 0.064
0 0.004428341384863124 0.6813333333333333 0.008856682769726247 0.184
0 0.20128824476650564 0.556 0.057971014492753624 0.06666666666666667
0 0.3643317230273752 0.5426666666666666 0.04106280193236715 0.08266666666666667
0 0.7447665056360708 0.4866666666666667 0.04508856682769726 0.06133333333333333
0 0.7979066022544283 0.484 0.011272141706924315 0.06133333333333333
0 0.8691626409017713 0.47333333333333333 0.10547504025764895 0.072
