3 0.14855072463768115 0.6 0.039452495974235106 0.3466666666666667
2 0.6529790660225443 0.548 0.040257648953301126 0.23733333333333334
3 0.6018518518518519 0.5213333333333333 0.013687600644122383 0.17866666666666667
1 0.48429951690821255 0.47333333333333333 0.0426731078904992 0.10933333333333334
0 0.061996779388083734 0.5893333333333334 0.12399355877616747 0.192
0 0.178743961352657 0.5186666666666667 0.014492753623188406 0.072
0 0.2999194847020934 0.52 0.18115942028985507 0.176
0 0.4331723027375201 0.4866666666666667 0.03542673107890499 0.056
0 0.6211755233494364 0.532 0.016908212560386472 0.11466666666666667
0 0.7347020933977456 0.5733333333333334 0.09420289855072464 0.26666666666666666
