1 0.46859903381642515 0.5906666666666667 0.07890499194847021 0.248
1 0.4855072463768116 0.5333333333333333 0.05636070853462158 0.19733333333333333
1 0.6260064412238325 0.5946666666666667 0.107085346215781 0.2773333333333333
1 0.57085346215781 0.5573333333333333 0.06924315619967794 0.176
1 0.5406602254428341 0.5266666666666666 0.04589371980676329 0.13066666666666665
1 0.3027375201288245 0.504 0.04508856682769726 0.064
1 0.21739130434782608 0.5213333333333333 0.0499194847020934 0.06666666666666667
0 0.03140096618357488 0.5066666666666667 0.06280193236714976 0.048
0 0.16626409017713364 0.5093333333333333 0.0426731078904992 0.064
0 0.34500805152979064 0.48 0.020128824476650563 0.037333333333333336
0 0.5583735909822867 0.43466666666666665 0.007246376811594203 0.032
