1 0.4915458937198068 0.5506666666666666 0.04428341384863124 0.12
1 0.21618357487922704 0.6346666666666667 0.21658615136876005 0.4106666666666667
1 0.28703703703703703 0.5853333333333334 0.13768115942028986 0.30133333333333334
1 0.34782608695652173 0.5626666666666666 0.09822866344605476 0.14933333333333335
1 0.37640901771336555 0.528 0.0893719806763285 0.15466666666666667
1 0.39895330112721417 0.532 0.0748792270531401 0.09333333333333334
1 0.5644122383252818 0.5 0.06280193236714976 0.18933333333333333
1 0.48389694041867953 0.516 0.027375201288244767 0.08266666666666667
1 0.05555555555555555 0.5026666666666667 0.1111111111111111 0.36
0 0.45169082125603865 0.5013333333333333 0.028985507246376812 0.064
0 0.9887278582930756 0.5 0.01932367149758454 0.17333333333333334
