1 0.19806763285024154 0.5933333333333334 0.14814814814814814 0.17866666666666667
1 0.26851851851851855 0.5586666666666666 0.10547504025764895 0.14666666666666667
1 0.2938808373590982 0.5413333333333333 0.09500805152979067 0.128
1 0.32971014492753625 0.528 0.0861513687600644 0.112
1 0.36312399355877617 0.5213333333333333 0.05152979066022544 0.08266666666666667
1 0.3776167471819646 0.5173333333333333 0.05475040257648953 0.064
1 0.394122383252818 0.5 0.04911433172302738 0.06666666666666667
1 0.4025764895330113 0.5013333333333333 0.04669887278582931 0.058666666666666666
0 0.06481481481481481 0.5693333333333334 0.04750402576489533 0.22666666666666666
0 0.4428341384863124 0.49066666666666664 0.02576489533011272 0.048
0 0.5189210950080515 0.4866666666666667 0.04750402576489533 0.056
0 0.7765700483091788 0.4866666666666667 0.029790660225442835 0.16266666666666665
0 0.9573268921095008 0.42133333333333334 0.08051529790660225 0.05333333333333334
0 0.8168276972624798 0.43733333333333335 0.061996779388083734 0.037333333333333336
0 0.6723027375201288 0.44666666666666666 0.11272141706924316 0.04533333333333334
