1 0.1315359477124183 0.7635135135135135 0.2630718954248366 0.46756756756756757
3 0.6879084967320261 0.5756756756756757 0.058823529411764705 0.3675675675675676
3 0.4117647058823529 0.6108108108108108 0.058823529411764705 0.3837837837837838
3 0.4125816993464052 0.6135135135135135 0.05392156862745098 0.42702702702702705
2 0.8165849673202614 0.4851351351351351 0.028594771241830064 0.1810810810810811
3 0.09068627450980392 0.6054054054054054 0.03431372549019608 0.2702702702702703
3 0.0821078431372549 0.6243243243243243 0.031862745098039214 0.2648648648648649
2 0.47467320261437906 0.5783783783783784 0.09640522875816994 0.3081081081081081
1 0.38112745098039214 0.4864864864864865 0.02696078431372549 0.06486486486486487
0 0.5424836601307189 0.44324324324324327 0.03594771241830065 0.043243243243243246
0 0.6209150326797386 0.4445945945945946 0.011437908496732025 0.08378378378378379
0 0.9742647058823529 0.44324324324324327 0.04656862745098039 0.10810810810810811
