1 0.35104669887278583 0.516 0.05152979066022544 0.08266666666666667
1 0.5805152979066023 0.49466666666666664 0.02254428341384863 0.06666666666666667
3 0.4750402576489533 0.488 0.004830917874396135 0.05333333333333334
1 0.7314814814814815 0.464 0.036231884057971016 0.042666666666666665
0 0.29589371980676327 0.484 0.029790660225442835 0.06133333333333333
0 0.534219001610306 0.4693333333333333 0.06038647342995169 0.042666666666666665
0 0.4029790660225443 0.484 0.012077294685990338 0.029333333333333333
0 0.8027375201288245 0.45466666666666666 0.02254428341384863 0.029333333333333333
0 0.6827697262479872 0.468 0.028985507246376812 0.04
0 0.6243961352657005 0.47733333333333333 0.015297906602254429 0.048
