1 0.47703464947622887 0.5066489361702128 0.029008863819500404 0.08776595744680851
1 0.06809024979854955 0.6808510638297872 0.1361804995970991 0.2925531914893617
1 0.2840451248992748 0.6276595744680851 0.1313456889605157 0.2553191489361702
1 0.24899274778404512 0.5518617021276596 0.0854149879129734 0.1622340425531915
1 0.36261079774375504 0.5518617021276596 0.064464141821112 0.1356382978723404
1 0.40128928283642223 0.5279255319148937 0.038678485092667206 0.08776595744680851
0 0.4298952457695407 0.4933510638297872 0.0265914585012087 0.09308510638297872
1 0.08581788879935535 0.5492021276595744 0.1571313456889605 0.23670212765957446
0 0.19580983078162773 0.4654255319148936 0.0515713134568896 0.06914893617021277
0 0.3920225624496374 0.46143617021276595 0.0378726833199033 0.0398936170212766
