3 0.5334967320261438 0.4689189189189189 0.017973856209150325 0.15405405405405406
3 0.22181372549019607 0.5351351351351351 0.031862745098039214 0.32432432432432434
3 0.8725490196078431 0.6932432432432433 0.09967320261437909 0.6081081081081081
3 0.7671568627450981 0.6824324324324325 0.09313725490196079 0.6297297297297297
3 0.625 0.4918918918918919 0.03104575163398693 0.2
3 0.5089869281045751 0.672972972972973 0.07679738562091504 0.6486486486486487
3 0.5196078431372549 0.7175675675675676 0.05392156862745098 0.5432432432432432
3 0.5759803921568627 0.672972972972973 0.05228758169934641 0.5945945945945946
3 0.6127450980392157 0.7081081081081081 0.049019607843137254 0.4810810810810811
3 0.6466503267973857 0.654054054054054 0.05310457516339869 0.5081081081081081
3 0.7091503267973857 0.6851351351351351 0.05392156862745098 0.5
3 0.25326797385620914 0.6945945945945946 0.06372549019607843 0.4972972972972973
3 0.4493464052287582 0.5418918918918919 0.0392156862745098 0.327027027027027
3 0.5159313725490197 0.5513513513513514 0.04820261437908497 0.3027027027027027
3 0.5461601307189542 0.5364864864864864 0.051470588235294115 0.327027027027027
3 0.6013071895424836 0.5297297297297298 0.05065359477124183 0.3081081081081081
1 0.1090686274509804 0.49864864864864866 0.2181372549019608 0.9972972972972973
0 0.40727124183006536 0.4337837837837838 0.01715686274509804 0.11081081081081082
0 0.35498366013071897 0.4391891891891892 0.010620915032679739 0.0945945945945946
0 0.2806372549019608 0.44054054054054054 0.04493464052287582 0.12972972972972974
0 0.8884803921568627 0.3364864864864865 0.21977124183006536 0.05675675675675676
0 0.6727941176470589 0.3581081081081081 0.035130718954248366 0.01891891891891892
