3 0.2777777777777778 0.7306666666666667 0.0499194847020934 0.49066666666666664
3 0.23349436392914655 0.7186666666666667 0.057971014492753624 0.5253333333333333
3 0.6316425120772947 0.5786666666666667 0.036231884057971016 0.3253333333333333
3 0.676731078904992 0.5666666666666667 0.036231884057971016 0.3333333333333333
2 0.75 0.5786666666666667 0.03140096618357488 0.20266666666666666
2 0.7777777777777778 0.5586666666666666 0.030595813204508857 0.20533333333333334
3 0.22020933977455717 0.5986666666666667 0.039452495974235106 0.30666666666666664
0 0.48389694041867953 0.5026666666666667 0.004830917874396135 0.050666666666666665
0 0.3285024154589372 0.5226666666666666 0.017713365539452495 0.058666666666666666
0 0.5185185185185185 0.4866666666666667 0.01932367149758454 0.04
0 0.5942028985507246 0.508 0.00644122383252818 0.09333333333333334
0 0.7049114331723028 0.49466666666666664 0.010466988727858293 0.06133333333333333
