3 0.31280193236714976 0.536 0.015297906602254429 0.14933333333333335
3 0.2532206119162641 0.512 0.018518518518518517 0.13866666666666666
0 0.678743961352657 0.568 0.03864734299516908 0.15466666666666667
0 0.29508856682769724 0.5026666666666667 0.013687600644122383 0.07733333333333334
0 0.2717391304347826 0.4786666666666667 0.010466988727858293 0.04
0 0.39331723027375204 0.49466666666666664 0.021739130434782608 0.12533333333333332
0 0.4307568438003221 0.47333333333333333 0.01932367149758454 0.088
0 0.4754428341384863 0.464 0.026570048309178744 0.058666666666666666
0 0.5116747181964574 0.448 0.03462157809983897 0.08533333333333333
0 0.2246376811594203 0.484 0.011272141706924315 0.08266666666666667
0 0.6719001610305958 0.45466666666666666 0.013687600644122383 0.06133333333333333
0 0.572061191626409 0.472 0.0249597423510467 0.08533333333333333
0 0.34782608695652173 0.49866666666666665 0.043478260869565216 0.08533333333333333
