1 0.17753623188405798 0.6026666666666667 0.17149758454106281 0.208
1 0.2536231884057971 0.576 0.12238325281803543 0.14933333333333335
2 0.9778582930756844 0.5293333333333333 0.0426731078904992 0.312
2 0.9464573268921095 0.5146666666666667 0.04750402576489533 0.22933333333333333
1 0.7624798711755234 0.46 0.03864734299516908 0.072
0 0.48792270531400966 0.48933333333333334 0.01610305958132045 0.050666666666666665
0 0.4102254428341385 0.49066666666666664 0.03140096618357488 0.037333333333333336
0 0.44847020933977455 0.47733333333333333 0.01932367149758454 0.02666666666666667
0 0.47383252818035426 0.4746666666666667 0.008856682769726247 0.021333333333333333
0 0.5780998389694042 0.45066666666666666 0.02254428341384863 0.021333333333333333
0 0.6409017713365539 0.4493333333333333 0.061191626409017714 0.018666666666666668
0 0.6916264090177133 0.448 0.01288244766505636 0.02666666666666667
0 0.7351046698872786 0.452 0.00644122383252818 0.034666666666666665
0 0.8442028985507246 0.43466666666666665 0.016908212560386472 0.042666666666666665
0 0.8904991948470209 0.424 0.01932367149758454 0.042666666666666665
