1 0.8297101449275363 0.7066666666666667 0.3389694041867955 0.5813333333333334
1 0.043478260869565216 0.792 0.08695652173913043 0.4106666666666667
1 0.4170692431561997 0.548 0.04508856682769726 0.104
1 0.6666666666666666 0.6213333333333333 0.10950080515297907 0.22933333333333333
1 0.6199677938808373 0.5666666666666667 0.06924315619967794 0.168
1 0.5970209339774557 0.5533333333333333 0.04911433172302738 0.12533333333333332
1 0.5829307568438004 0.536 0.040257648953301126 0.10133333333333333
1 0.47342995169082125 0.5133333333333333 0.020933977455716585 0.050666666666666665
0 0.03542673107890499 0.8066666666666666 0.07085346215780998 0.376
0 0.45088566827697263 0.536 0.01932367149758454 0.08533333333333333
0 0.5366344605475041 0.49333333333333335 0.036231884057971016 0.042666666666666665
