1 0.13365539452495975 0.696 0.2673107890499195 0.6026666666666667
1 0.35668276972624796 0.5866666666666667 0.12238325281803543 0.272
1 0.7942834138486312 0.7266666666666667 0.2745571658615137 0.5413333333333333
1 0.6727053140096618 0.616 0.10064412238325282 0.272
1 0.5257648953301127 0.5333333333333333 0.07085346215780998 0.13333333333333333
1 0.8470209339774557 0.4613333333333333 0.0821256038647343 0.14933333333333335
1 0.7818035426731079 0.4666666666666667 0.07085346215780998 0.13333333333333333
1 0.6634460547504025 0.4226666666666667 0.037037037037037035 0.10933333333333334
0 0.5954106280193237 0.472 0.06521739130434782 0.112
0 0.2741545893719807 0.5026666666666667 0.008856682769726247 0.04533333333333334
0 0.7278582930756844 0.42933333333333334 0.030595813204508857 0.032
