3 0.6494345718901454 0.5909090909090909 0.04361873990306947 0.3048128342245989
3 0.2265751211631664 0.6350267379679144 0.034733441033925685 0.2647058823529412
3 0.364297253634895 0.5628342245989305 0.01938610662358643 0.17914438502673796
3 0.3667205169628433 0.553475935828877 0.01615508885298869 0.13903743315508021
3 0.45476575121163165 0.5294117647058824 0.009693053311793215 0.10695187165775401
1 0.5525040387722132 0.5053475935828877 0.09046849757673667 0.3422459893048128
0 0.48546042003231016 0.5187165775401069 0.03231017770597738 0.0855614973262032
0 0.4273021001615509 0.5374331550802139 0.01938610662358643 0.0962566844919786
0 0.3287560581583199 0.5254010695187166 0.01615508885298869 0.10427807486631016
0 0.9806138933764136 0.713903743315508 0.035541195476575124 0.5614973262032086
