1 0.9247181964573269 0.7613333333333333 0.14895330112721417 0.472
1 0.24396135265700483 0.7 0.20128824476650564 0.41333333333333333
1 0.7471819645732689 0.6813333333333333 0.21739130434782608 0.4026666666666667
1 0.3607085346215781 0.5666666666666667 0.09500805152979067 0.23733333333333334
1 0.4392109500805153 0.532 0.06360708534621579 0.14666666666666667
1 0.6384863123993558 0.5626666666666666 0.07890499194847021 0.208
1 0.6203703703703703 0.5506666666666666 0.04750402576489533 0.14666666666666667
1 0.5450885668276972 0.5093333333333333 0.05475040257648953 0.096
1 0.6670692431561996 0.41733333333333333 0.036231884057971016 0.104
0 0.0929951690821256 0.7706666666666667 0.1859903381642512 0.448
0 0.4782608695652174 0.47733333333333333 0.008051529790660225 0.02666666666666667
0 0.11030595813204509 0.5226666666666666 0.00966183574879227 0.021333333333333333
0 0.0821256038647343 0.5253333333333333 0.01288244766505636 0.016
0 0.5764895330112721 0.4826666666666667 0.03542673107890499 0.08533333333333333
0 0.6215780998389694 0.43466666666666665 0.04186795491143317 0.037333333333333336
0 0.749597423510467 0.43333333333333335 0.07568438003220612 0.072
