1 0.1823671497584541 0.5573333333333333 0.11674718196457327 0.15466666666666667
1 0.5744766505636071 0.504 0.029790660225442835 0.08533333333333333
1 0.6662640901771336 0.4666666666666667 0.03784219001610306 0.042666666666666665
3 0.4573268921095008 0.48933333333333334 0.004830917874396135 0.06666666666666667
1 0.7322866344605475 0.46266666666666667 0.04106280193236715 0.050666666666666665
1 0.8663446054750402 0.45466666666666666 0.04830917874396135 0.06133333333333333
0 0.5144927536231884 0.4573333333333333 0.07407407407407407 0.06666666666666667
0 0.2528180354267311 0.4866666666666667 0.02254428341384863 0.04533333333333334
0 0.8115942028985508 0.4533333333333333 0.02254428341384863 0.032
0 0.6215780998389694 0.48 0.00644122383252818 0.064
