1 0.4859098228663446 0.48133333333333334 0.021739130434782608 0.07733333333333334
1 0.043478260869565216 0.5946666666666667 0.08695652173913043 0.13333333333333333
0 0.20813204508856684 0.5386666666666666 0.026570048309178744 0.048
0 0.2677133655394525 0.5253333333333333 0.036231884057971016 0.05333333333333334
0 0.3832528180354267 0.496 0.014492753623188406 0.02666666666666667
0 0.4247181964573269 0.48933333333333334 0.016908212560386472 0.034666666666666665
0 0.4581320450885668 0.492 0.01610305958132045 0.04533333333333334
0 0.7809983896940419 0.49466666666666664 0.04830917874396135 0.050666666666666665
0 0.6328502415458938 0.508 0.017713365539452495 0.029333333333333333
0 0.6964573268921095 0.508 0.037037037037037035 0.024
