1 0.07206119162640902 0.7653333333333333 0.14412238325281804 0.464
2 0.3252818035426731 0.6066666666666667 0.057971014492753624 0.30133333333333334
2 0.36231884057971014 0.6026666666666667 0.04508856682769726 0.272
1 0.33454106280193235 0.576 0.08132045088566828 0.15466666666666667
2 0.4138486312399356 0.5306666666666666 0.01932367149758454 0.13333333333333333
1 0.4134460547504026 0.5213333333333333 0.039452495974235106 0.072
1 0.5273752012882448 0.504 0.027375201288244767 0.07466666666666667
1 0.8973429951690821 0.7093333333333334 0.2037037037037037 0.576
0 0.5040257648953301 0.472 0.017713365539452495 0.048
0 0.5756843800322061 0.49333333333333335 0.014492753623188406 0.13333333333333333
0 0.5458937198067633 0.49066666666666664 0.004830917874396135 0.05333333333333334
