1 0.08655394524959742 0.6573333333333333 0.17310789049919484 0.28
0 0.572866344605475 0.4533333333333333 0.033011272141706925 0.096
1 0.22584541062801933 0.5693333333333334 0.10225442834138486 0.2
1 0.28743961352657005 0.56 0.06924315619967794 0.12266666666666666
1 0.32326892109500804 0.5373333333333333 0.061996779388083734 0.12533333333333332
1 0.3747987117552335 0.5253333333333333 0.039452495974235106 0.08
1 0.392914653784219 0.5173333333333333 0.0322061191626409 0.06933333333333333
0 0.4311594202898551 0.49466666666666664 0.026570048309178744 0.050666666666666665
0 0.6159420289855072 0.4653333333333333 0.00644122383252818 0.050666666666666665
0 0.6642512077294686 0.48 0.01288244766505636 0.09066666666666667
0 0.5277777777777778 0.46266666666666667 0.005636070853462158 0.024
