1 0.14095315024232632 0.7633689839572193 0.28190630048465265 0.4679144385026738
3 0.9495153473344103 0.6644385026737968 0.09935379644588045 0.6657754010695187
3 0.5545234248788369 0.5320855614973262 0.015347334410339256 0.1443850267379679
3 0.5759289176090469 0.5280748663101604 0.014539579967689823 0.15240641711229946
3 0.4458804523424879 0.5294117647058824 0.017770597738287562 0.15508021390374332
0 0.8101777059773829 0.5441176470588235 0.03877221324717286 0.09893048128342247
0 0.6978998384491115 0.4839572192513369 0.01615508885298869 0.0748663101604278
0 0.5941033925686591 0.48128342245989303 0.013731825525040387 0.058823529411764705
0 0.5189822294022617 0.5026737967914439 0.05250403877221325 0.0855614973262032
0 0.36187399030694667 0.5307486631016043 0.011308562197092083 0.06684491978609626
