3 0.6615508885298869 0.6898395721925134 0.06623586429725363 0.5775401069518716
3 0.8117932148626817 0.5574866310160428 0.050080775444264945 0.4839572192513369
3 0.9176090468497576 0.5748663101604278 0.03715670436187399 0.45454545454545453
4 0.19466882067851374 0.8021390374331551 0.10662358642972536 0.39037433155080214
4 0.23788368336025847 0.8008021390374331 0.07996768982229402 0.393048128342246
4 0.3255250403877221 0.6443850267379679 0.05977382875605816 0.2192513368983957
4 0.25363489499192243 0.7820855614973262 0.0840064620355412 0.3663101604278075
3 0.41518578352180935 0.5441176470588235 0.017770597738287562 0.20053475935828877
3 0.3953957996768982 0.5441176470588235 0.020193861066235864 0.18983957219251338
3 0.4668820678513732 0.5307486631016043 0.01938610662358643 0.18449197860962566
3 0.48747980613893377 0.5040106951871658 0.015347334410339256 0.13636363636363635
3 0.5020193861066236 0.5280748663101604 0.015347334410339256 0.17379679144385027
3 0.5601777059773829 0.5 0.015347334410339256 0.15508021390374332
1 0.4378029079159935 0.4839572192513369 0.024232633279483037 0.06417112299465241
3 0.3994345718901454 0.5267379679144385 0.033117932148626815 0.17647058823529413
3 0.5193861066235864 0.5200534759358288 0.014539579967689823 0.15775401069518716
0 0.06987075928917609 0.7219251336898396 0.13974151857835218 0.2727272727272727
0 0.1801292407108239 0.5721925133689839 0.01938610662358643 0.053475935828877004
0 0.3764135702746365 0.4959893048128342 0.009693053311793215 0.09893048128342247
0 0.5387722132471728 0.4946524064171123 0.017770597738287562 0.11764705882352941
0 0.36793214862681745 0.5828877005347594 0.025040387722132473 0.11229946524064172
