1 0.1050080775444265 0.7941176470588235 0.210016155088853 0.40641711229946526
3 0.6231825525040388 0.5962566844919787 0.0444264943457189 0.2994652406417112
3 0.23263327948303716 0.6056149732620321 0.025848142164781908 0.23796791443850268
3 0.3562197092084006 0.5521390374331551 0.017770597738287562 0.16844919786096257
3 0.3465266558966074 0.5494652406417112 0.012924071082390954 0.14171122994652408
3 0.4305331179321486 0.5254010695187166 0.012924071082390954 0.10962566844919786
1 0.5282714054927302 0.5013368983957219 0.08562197092084006 0.3235294117647059
0 0.31017770597738287 0.5200534759358288 0.014539579967689823 0.10427807486631016
0 0.07592891760904685 0.8810160427807486 0.1518578352180937 0.22727272727272727
0 0.3990306946688207 0.5280748663101604 0.01615508885298869 0.10427807486631016
0 0.46445880452342486 0.5147058823529411 0.035541195476575124 0.08288770053475936
0 0.9725363489499192 0.7058823529411765 0.051696284329563816 0.5775401069518716
