1 0.17995169082125603 0.7666666666666667 0.2938808373590982 0.4613333333333333
1 0.07608695652173914 0.772 0.15217391304347827 0.43466666666666665
1 0.5410628019323671 0.5266666666666666 0.040257648953301126 0.10933333333333334
1 0.3357487922705314 0.6066666666666667 0.0966183574879227 0.20533333333333334
1 0.6980676328502415 0.5053333333333333 0.13526570048309178 0.136
1 0.6735104669887279 0.484 0.11191626409017713 0.152
1 0.893719806763285 0.4266666666666667 0.11594202898550725 0.13333333333333333
0 0.42310789049919484 0.5106666666666667 0.06360708534621579 0.07733333333333334
0 0.49476650563607083 0.488 0.0426731078904992 0.058666666666666666
0 0.5913848631239935 0.48933333333333334 0.050724637681159424 0.09866666666666667
0 0.7999194847020934 0.44 0.06360708534621579 0.09066666666666667
