1 0.03341384863123994 0.7026666666666667 0.06682769726247988 0.33866666666666667
1 0.355475040257649 0.556 0.06038647342995169 0.12533333333333332
1 0.10386473429951691 0.6493333333333333 0.18035426731078905 0.25866666666666666
1 0.21618357487922704 0.5893333333333334 0.09581320450885668 0.15466666666666667
1 0.2753623188405797 0.552 0.07729468599033816 0.11733333333333333
1 0.5430756843800322 0.49866666666666665 0.0249597423510467 0.06933333333333333
0 0.5161030595813204 0.4866666666666667 0.024154589371980676 0.07733333333333334
0 0.5656199677938808 0.48 0.018518518518518517 0.064
0 0.5966183574879227 0.44533333333333336 0.017713365539452495 0.06933333333333333
0 0.7576489533011272 0.428 0.11916264090177134 0.06133333333333333
0 0.9367954911433173 0.4066666666666667 0.1215780998389694 0.152
