1 0.10144927536231885 0.788 0.2028985507246377 0.4186666666666667
1 0.38164251207729466 0.6013333333333334 0.0821256038647343 0.216
1 0.42351046698872785 0.5573333333333333 0.04508856682769726 0.128
1 0.44082125603864736 0.504 0.03784219001610306 0.13866666666666666
1 0.11272141706924316 0.752 0.22544283413848631 0.4533333333333333
1 0.6010466988727858 0.556 0.1215780998389694 0.15733333333333333
1 0.5801127214170693 0.544 0.10064412238325282 0.11733333333333333
1 0.5454911433172303 0.52 0.07004830917874397 0.096
1 0.45974235104669886 0.504 0.02576489533011272 0.08
1 0.28381642512077293 0.6613333333333333 0.20853462157809985 0.5333333333333333
2 0.9770531400966184 0.5893333333333334 0.04428341384863124 0.368
0 0.5028180354267311 0.5053333333333333 0.015297906602254429 0.06133333333333333
