1 0.10104669887278583 0.768 0.20209339774557167 0.4
1 0.4806763285024155 0.564 0.05152979066022544 0.12
1 0.6666666666666666 0.5213333333333333 0.0998389694041868 0.14133333333333334
1 0.46578099838969406 0.5493333333333333 0.03784219001610306 0.10133333333333333
1 0.3272946859903382 0.5493333333333333 0.03462157809983897 0.08533333333333333
1 0.606280193236715 0.5253333333333333 0.08695652173913043 0.096
1 0.44605475040257647 0.5186666666666667 0.01932367149758454 0.06133333333333333
1 0.6348631239935588 0.7 0.177938808373591 0.344
0 0.9013687600644122 0.7026666666666667 0.19243156199677938 0.584
0 0.3832528180354267 0.532 0.07085346215780998 0.088
0 0.17713365539452497 0.5413333333333333 0.05636070853462158 0.042666666666666665
