1 0.3176328502415459 0.5453333333333333 0.08132045088566828 0.104
1 0.3442028985507246 0.5173333333333333 0.06682769726247988 0.096
1 0.35668276972624796 0.5106666666666667 0.06280193236714976 0.088
0 0.4247181964573269 0.5 0.06682769726247988 0.09333333333333334
0 0.5056360708534622 0.47333333333333333 0.0322061191626409 0.050666666666666665
0 0.6038647342995169 0.43733333333333335 0.043478260869565216 0.02666666666666667
0 0.6807568438003221 0.4573333333333333 0.020128824476650563 0.12533333333333332
0 0.7194041867954911 0.41733333333333333 0.06521739130434782 0.034666666666666665
0 0.8107890499194848 0.4066666666666667 0.03864734299516908 0.050666666666666665
0 0.927938808373591 0.3933333333333333 0.10225442834138486 0.04533333333333334
