1 0.09420289855072464 0.6453333333333333 0.18840579710144928 0.304
1 0.2673107890499195 0.5693333333333334 0.0853462157809984 0.14133333333333334
0 0.5801127214170693 0.45466666666666666 0.029790660225442835 0.09333333333333334
1 0.3276972624798712 0.532 0.05636070853462158 0.12533333333333332
1 0.357487922705314 0.5333333333333333 0.040257648953301126 0.08533333333333333
1 0.37681159420289856 0.52 0.04186795491143317 0.09066666666666667
1 0.4102254428341385 0.512 0.029790660225442835 0.064
0 0.44323671497584544 0.49866666666666665 0.036231884057971016 0.06933333333333333
0 0.6147342995169082 0.46 0.008856682769726247 0.06133333333333333
0 0.6566022544283414 0.4666666666666667 0.013687600644122383 0.07466666666666667
