1 0.5845410628019324 0.5173333333333333 0.043478260869565216 0.10666666666666667
1 0.6380837359098228 0.4693333333333333 0.04106280193236715 0.048
3 0.4428341384863124 0.492 0.008051529790660225 0.07733333333333334
2 0.6380837359098228 0.488 0.033011272141706925 0.08533333333333333
1 0.7367149758454107 0.46266666666666667 0.04669887278582931 0.056
1 0.9017713365539453 0.448 0.05636070853462158 0.06933333333333333
0 0.18639291465378421 0.5026666666666667 0.061996779388083734 0.06133333333333333
0 0.321256038647343 0.5 0.01932367149758454 0.04533333333333334
0 0.5 0.4613333333333333 0.07246376811594203 0.07466666666666667
0 0.8393719806763285 0.448 0.020128824476650563 0.037333333333333336
0 0.9432367149758454 0.4226666666666667 0.020128824476650563 0.04533333333333334
