1 0.2318840579710145 0.5706666666666667 0.12560386473429952 0.14933333333333335
1 0.3969404186795491 0.5253333333333333 0.07085346215780998 0.10666666666666667
1 0.09782608695652174 0.5666666666666667 0.1360708534621578 0.14666666666666667
1 0.35104669887278583 0.508 0.061191626409017714 0.09866666666666667
1 0.44806763285024154 0.488 0.03462157809983897 0.07466666666666667
1 0.4867149758454106 0.5013333333333333 0.0426731078904992 0.07466666666666667
1 0.5768921095008052 0.4786666666666667 0.020128824476650563 0.04533333333333334
0 0.5495169082125604 0.464 0.021739130434782608 0.021333333333333333
0 0.6082930756843801 0.4493333333333333 0.050724637681159424 0.088
0 0.8285024154589372 0.43733333333333335 0.3397745571658615 0.058666666666666666
