1 0.6831723027375202 0.6786666666666666 0.18760064412238325 0.38666666666666666
1 0.32648953301127215 0.6253333333333333 0.09903381642512077 0.20533333333333334
1 0.5684380032206119 0.5573333333333333 0.06280193236714976 0.16
1 0.3808373590982287 0.5533333333333333 0.061191626409017714 0.14666666666666667
1 0.4134460547504026 0.5293333333333333 0.03140096618357488 0.088
2 0.46215780998389694 0.496 0.00644122383252818 0.05333333333333334
2 0.46980676328502413 0.49733333333333335 0.005636070853462158 0.050666666666666665
1 0.533011272141707 0.516 0.033816425120772944 0.09333333333333334
0 0.4428341384863124 0.5066666666666667 0.024154589371980676 0.07466666666666667
0 0.5 0.4866666666666667 0.02254428341384863 0.06666666666666667
0 0.3289049919484702 0.49066666666666664 0.021739130434782608 0.05333333333333334
