1 0.3196457326892109 0.592 0.06924315619967794 0.14933333333333335
1 0.5607890499194848 0.5306666666666666 0.05233494363929147 0.128
1 0.35628019323671495 0.5626666666666666 0.05394524959742351 0.112
1 0.3892914653784219 0.5306666666666666 0.039452495974235106 0.10133333333333333
1 0.4033816425120773 0.52 0.0322061191626409 0.08
1 0.9082125603864735 0.416 0.09500805152979067 0.13866666666666666
1 0.03421900161030596 0.608 0.06843800322061191 0.112
1 0.06280193236714976 0.6026666666666667 0.10305958132045089 0.12266666666666666
0 0.4726247987117552 0.5013333333333333 0.0966183574879227 0.07466666666666667
0 0.965780998389694 0.384 0.061996779388083734 0.15466666666666667
0 0.6131239935587761 0.44533333333333336 0.029790660225442835 0.042666666666666665
