3 0.2290660225442834 0.736 0.06038647342995169 0.5226666666666666
3 0.18156199677938809 0.7253333333333334 0.07004830917874397 0.544
3 0.6533816425120773 0.5853333333333334 0.0426731078904992 0.37066666666666664
3 0.7049114331723028 0.576 0.0426731078904992 0.37866666666666665
2 0.7713365539452496 0.5853333333333334 0.028985507246376812 0.232
2 0.7979066022544283 0.5613333333333334 0.030595813204508857 0.232
3 0.177938808373591 0.6106666666666667 0.05475040257648953 0.3466666666666667
0 0.4782608695652174 0.496 0.00966183574879227 0.048
0 0.5982286634460547 0.5106666666666667 0.01288244766505636 0.104
0 0.5599838969404187 0.5173333333333333 0.0249597423510467 0.064
0 0.31521739130434784 0.5413333333333333 0.012077294685990338 0.10133333333333333
