1 0.4939564867042707 0.5718085106382979 0.07091055600322321 0.2127659574468085
1 0.2808219178082192 0.6236702127659575 0.1232876712328767 0.23670212765957446
1 0.21232876712328766 0.5784574468085106 0.11522965350523771 0.18351063829787234
1 0.3678485092667204 0.5531914893617021 0.0684931506849315 0.14361702127659576
0 0.40451248992747785 0.4574468085106383 0.072522159548751 0.2393617021276596
0 0.4468170829975826 0.4574468085106383 0.0265914585012087 0.11702127659574468
1 0.06889605157131345 0.5811170212765957 0.1377921031426269 0.17819148936170212
1 0.2997582594681708 0.5 0.048348106365834004 0.10106382978723404
1 0.5286059629331185 0.5079787234042553 0.024174053182917002 0.047872340425531915
1 0.5717163577759871 0.5079787234042553 0.018533440773569703 0.03723404255319149
