1 0.03462157809983897 0.6693333333333333 0.06924315619967794 0.368
1 0.11191626409017713 0.5973333333333334 0.12399355877616747 0.21333333333333335
1 0.1888083735909823 0.5733333333333334 0.15056360708534622 0.18666666666666668
1 0.32971014492753625 0.524 0.04750402576489533 0.10933333333333334
1 0.34782608695652173 0.5173333333333333 0.043478260869565216 0.09066666666666667
3 0.2689210950080515 0.5653333333333334 0.017713365539452495 0.17066666666666666
3 0.27294685990338163 0.5906666666666667 0.01288244766505636 0.12
0 0.9138486312399355 0.496 0.16747181964573268 0.26666666666666666
0 0.7399355877616747 0.45466666666666666 0.1706924315619968 0.10933333333333334
0 0.38405797101449274 0.496 0.033816425120772944 0.05333333333333334
0 0.4585346215780998 0.48 0.021739130434782608 0.042666666666666665
0 0.5362318840579711 0.4786666666666667 0.043478260869565216 0.06133333333333333
0 0.2962962962962963 0.5053333333333333 0.02576489533011272 0.072
