1 0.055958132045088566 0.628 0.11191626409017713 0.23733333333333334
1 0.5301932367149759 0.5173333333333333 0.03140096618357488 0.09066666666666667
1 0.49315619967793883 0.49866666666666665 0.033011272141706925 0.08533333333333333
1 0.5418679549114331 0.49466666666666664 0.024154589371980676 0.07733333333333334
1 0.7983091787439613 0.4613333333333333 0.08293075684380032 0.096
1 0.7632850241545893 0.45866666666666667 0.07246376811594203 0.09066666666666667
0 0.9243156199677939 0.42933333333333334 0.14814814814814814 0.10666666666666667
0 0.1324476650563607 0.532 0.04589371980676329 0.06133333333333333
0 0.2041062801932367 0.5173333333333333 0.061996779388083734 0.064
0 0.3023349436392915 0.5 0.07648953301127215 0.056
0 0.5954106280193237 0.4613333333333333 0.015297906602254429 0.042666666666666665
0 0.42673107890499196 0.4826666666666667 0.030595813204508857 0.032
