1 0.05877616747181964 0.8106666666666666 0.11755233494363929 0.37333333333333335
1 0.7226247987117552 0.6866666666666666 0.25201288244766507 0.5573333333333333
1 0.14653784219001612 0.7426666666666667 0.249597423510467 0.424
1 0.537842190016103 0.56 0.06924315619967794 0.16
1 0.34903381642512077 0.56 0.05394524959742351 0.11733333333333333
1 0.49879227053140096 0.5293333333333333 0.036231884057971016 0.09866666666666667
1 0.3691626409017713 0.528 0.04106280193236715 0.10133333333333333
1 0.3864734299516908 0.5146666666666667 0.027375201288244767 0.06933333333333333
1 0.4810789049919485 0.5066666666666667 0.026570048309178744 0.06933333333333333
0 0.428743961352657 0.49333333333333335 0.012077294685990338 0.037333333333333336
0 0.44806763285024154 0.49066666666666664 0.007246376811594203 0.042666666666666665
0 0.4585346215780998 0.4786666666666667 0.012077294685990338 0.034666666666666665
0 0.41223832528180354 0.5 0.014492753623188406 0.029333333333333333
