1 0.08011272141706924 0.6693333333333333 0.16022544283413848 0.3413333333333333
1 0.25120772946859904 0.5746666666666667 0.09339774557165861 0.152
0 0.5789049919484702 0.45466666666666666 0.030595813204508857 0.09333333333333334
1 0.3188405797101449 0.536 0.05958132045088567 0.13333333333333333
1 0.3498389694041868 0.536 0.0426731078904992 0.09066666666666667
1 0.3711755233494364 0.5226666666666666 0.043478260869565216 0.096
1 0.40660225442834136 0.5146666666666667 0.030595813204508857 0.064
0 0.4504830917874396 0.49333333333333335 0.016908212560386472 0.037333333333333336
0 0.6574074074074074 0.472 0.010466988727858293 0.058666666666666666
0 0.6147342995169082 0.46266666666666667 0.007246376811594203 0.04533333333333334
