1 0.14412238325281804 0.5733333333333334 0.13687600644122383 0.176
1 0.5752818035426731 0.5066666666666667 0.03140096618357488 0.08533333333333333
1 0.6638486312399355 0.47333333333333333 0.03784219001610306 0.04533333333333334
3 0.4557165861513688 0.48933333333333334 0.00644122383252818 0.06666666666666667
1 0.7334943639291466 0.46266666666666667 0.04186795491143317 0.050666666666666665
1 0.8695652173913043 0.4533333333333333 0.0499194847020934 0.058666666666666666
0 0.5144927536231884 0.472 0.07407407407407407 0.048
0 0.2363123993558776 0.49333333333333335 0.04589371980676329 0.064
0 0.8136070853462157 0.46 0.0249597423510467 0.04
0 0.6215780998389694 0.484 0.017713365539452495 0.056
