1 0.20611916264090177 0.6746666666666666 0.18840579710144928 0.3626666666666667
2 0.3973429951690821 0.5466666666666666 0.026570048309178744 0.17066666666666666
2 0.4190821256038647 0.5453333333333333 0.020128824476650563 0.15733333333333333
1 0.3747987117552335 0.5413333333333333 0.0571658615136876 0.11733333333333333
2 0.43478260869565216 0.5146666666666667 0.01288244766505636 0.096
1 0.5269726247987118 0.5013333333333333 0.023349436392914653 0.064
1 0.7359098228663447 0.728 0.2576489533011272 0.5386666666666666
0 0.5700483091787439 0.49466666666666664 0.011272141706924315 0.104
0 0.5060386473429952 0.47733333333333333 0.013687600644122383 0.042666666666666665
0 0.5575684380032206 0.4746666666666667 0.016908212560386472 0.02666666666666667
