1 0.8474235104669887 0.776 0.3035426731078905 0.44266666666666665
1 0.6751207729468599 0.7693333333333333 0.26006441223832527 0.456
1 0.5543478260869565 0.664 0.11835748792270531 0.272
1 0.4863123993558776 0.6093333333333333 0.07568438003220612 0.2
1 0.2995169082125604 0.5893333333333334 0.05314009661835749 0.16
1 0.23148148148148148 0.676 0.09903381642512077 0.25333333333333335
1 0.1143317230273752 0.788 0.2286634460547504 0.4186666666666667
1 0.43719806763285024 0.5786666666666667 0.033816425120772944 0.10133333333333333
1 0.3361513687600644 0.5613333333333334 0.021739130434782608 0.072
0 0.40700483091787437 0.5493333333333333 0.015297906602254429 0.07466666666666667
0 0.3780193236714976 0.5333333333333333 0.013687600644122383 0.02666666666666667
0 0.394524959742351 0.5346666666666666 0.00966183574879227 0.024
0 0.35628019323671495 0.5346666666666666 0.012077294685990338 0.029333333333333333
