1 0.8991013071895425 0.4554054054054054 0.15604575163398693 0.15945945945945947
1 0.42892156862745096 0.5135135135135135 0.03758169934640523 0.0918918918918919
2 0.5686274509803921 0.48243243243243245 0.027777777777777776 0.0891891891891892
2 0.5187908496732027 0.4918918918918919 0.026143790849673203 0.08648648648648649
2 0.3047385620915033 0.5310810810810811 0.026143790849673203 0.10540540540540541
3 0.3709150326797386 0.5162162162162162 0.02287581699346405 0.0972972972972973
0 0.7091503267973857 0.45675675675675675 0.0457516339869281 0.05405405405405406
0 0.7700163398692811 0.4472972972972973 0.059640522875817 0.05675675675675676
0 0.4599673202614379 0.48783783783783785 0.016339869281045753 0.062162162162162166
0 0.6111111111111112 0.4635135135135135 0.013071895424836602 0.06756756756756757
0 0.28145424836601307 0.5324324324324324 0.007352941176470588 0.07567567567567568
