1 0.08051529790660225 0.764 0.1610305958132045 0.424
1 0.13969404186795492 0.6426666666666667 0.27938808373590984 0.416
1 0.7681159420289855 0.5826666666666667 0.1706924315619968 0.22666666666666666
1 0.5462962962962963 0.544 0.04911433172302738 0.112
1 0.22383252818035426 0.6253333333333333 0.15942028985507245 0.21066666666666667
1 0.25402576489533013 0.6013333333333334 0.14412238325281804 0.17866666666666667
1 0.3144122383252818 0.572 0.11835748792270531 0.136
1 0.5225442834138486 0.5253333333333333 0.03542673107890499 0.08
0 0.4001610305958132 0.544 0.04669887278582931 0.13333333333333333
0 0.4416264090177134 0.5053333333333333 0.029790660225442835 0.056
0 0.46578099838969406 0.4866666666666667 0.016908212560386472 0.034666666666666665
0 0.48470209339774556 0.476 0.01610305958132045 0.024
0 0.49597423510466987 0.48533333333333334 0.011272141706924315 0.042666666666666665
