1 0.2524154589371981 0.64 0.1457326892109501 0.2986666666666667
2 0.40982286634460546 0.5306666666666666 0.02254428341384863 0.14933333333333335
2 0.427536231884058 0.528 0.017713365539452495 0.13866666666666666
1 0.3788244766505636 0.536 0.05233494363929147 0.10666666666666667
2 0.4384057971014493 0.5053333333333333 0.012077294685990338 0.088
1 0.5249597423510467 0.49466666666666664 0.02254428341384863 0.06133333333333333
1 0.676731078904992 0.6666666666666666 0.18115942028985507 0.42133333333333334
0 0.5652173913043478 0.4866666666666667 0.011272141706924315 0.104
0 0.5064412238325282 0.4653333333333333 0.014492753623188406 0.04
0 0.5519323671497585 0.4653333333333333 0.013687600644122383 0.029333333333333333
