1 0.3280998389694042 0.5253333333333333 0.11030595813204509 0.17066666666666666
1 0.35185185185185186 0.5173333333333333 0.09822866344605476 0.128
1 0.6537842190016103 0.452 0.04508856682769726 0.104
1 0.37278582930756843 0.5066666666666667 0.0821256038647343 0.096
1 0.38808373590982287 0.48533333333333334 0.07729468599033816 0.096
0 0.6078904991948471 0.43733333333333335 0.017713365539452495 0.048
0 0.7206119162640902 0.444 0.06763285024154589 0.104
0 0.44806763285024154 0.46266666666666667 0.03784219001610306 0.06666666666666667
0 0.533816425120773 0.44666666666666666 0.033816425120772944 0.056
0 0.5028180354267311 0.448 0.007246376811594203 0.042666666666666665
