1 0.285829307568438 0.56 0.04830917874396135 0.128
1 0.24074074074074073 0.5306666666666666 0.05152979066022544 0.12266666666666666
1 0.04468599033816425 0.7093333333333334 0.0893719806763285 0.304
1 0.08011272141706924 0.5666666666666667 0.07648953301127215 0.072
1 0.6694847020933977 0.5106666666666667 0.036231884057971016 0.06666666666666667
0 0.7355072463768116 0.4866666666666667 0.012077294685990338 0.050666666666666665
0 0.714573268921095 0.49466666666666664 0.021739130434782608 0.034666666666666665
0 0.7701288244766505 0.4826666666666667 0.010466988727858293 0.048
0 0.8099838969404187 0.47733333333333333 0.040257648953301126 0.058666666666666666
0 0.8695652173913043 0.4746666666666667 0.040257648953301126 0.058666666666666666
0 0.1642512077294686 0.548 0.05958132045088567 0.06666666666666667
0 0.3357487922705314 0.54 0.04669887278582931 0.08266666666666667
