1 0.8466183574879227 0.7426666666666667 0.30515297906602257 0.5093333333333333
1 0.11151368760064412 0.7546666666666667 0.22302737520128824 0.42133333333333334
1 0.37681159420289856 0.5493333333333333 0.040257648953301126 0.096
1 0.539049919484702 0.5133333333333333 0.03462157809983897 0.088
1 0.39371980676328505 0.536 0.03542673107890499 0.07466666666666667
1 0.11030595813204509 0.584 0.0644122383252818 0.08
1 0.14653784219001612 0.5773333333333334 0.057971014492753624 0.07733333333333334
1 0.18035426731078905 0.5706666666666667 0.061191626409017714 0.08533333333333333
1 0.21940418679549115 0.568 0.05394524959742351 0.08533333333333333
0 0.42632850241545894 0.5093333333333333 0.04750402576489533 0.064
0 0.46256038647342995 0.488 0.0249597423510467 0.042666666666666665
0 0.500805152979066 0.49733333333333335 0.03864734299516908 0.050666666666666665
0 0.6630434782608695 0.45466666666666666 0.020128824476650563 0.04533333333333334
