1 0.9464869281045751 0.5635135135135135 0.1053921568627451 0.13783783783783785
1 0.8937908496732027 0.5608108108108109 0.10130718954248366 0.13243243243243244
1 0.8251633986928104 0.5608108108108109 0.09477124183006536 0.14324324324324325
1 0.505718954248366 0.5054054054054054 0.027777777777777776 0.08108108108108109
2 0.505718954248366 0.5945945945945946 0.07516339869281045 0.31351351351351353
2 0.5551470588235294 0.5702702702702702 0.08251633986928104 0.2972972972972973
2 0.369281045751634 0.5216216216216216 0.024509803921568627 0.14054054054054055
3 0.1556372549019608 0.46621621621621623 0.012254901960784314 0.12702702702702703
3 0.046977124183006536 0.5283783783783784 0.03676470588235294 0.27837837837837837
3 0.18709150326797386 0.4972972972972973 0.021241830065359478 0.16216216216216217
3 0.1642156862745098 0.48783783783783785 0.017973856209150325 0.16486486486486487
3 0.6245915032679739 0.6297297297297297 0.051470588235294115 0.4486486486486487
3 0.6535947712418301 0.6162162162162163 0.05065359477124183 0.42162162162162165
3 0.7401960784313726 0.6229729729729729 0.06699346405228758 0.4891891891891892
3 0.7389705882352942 0.6675675675675675 0.0727124183006536 0.5513513513513514
0 0.28513071895424835 0.4527027027027027 0.0196078431372549 0.062162162162162166
0 0.44812091503267976 0.4689189189189189 0.008986928104575163 0.024324324324324326
