1 0.07045088566827697 0.6573333333333333 0.14090177133655393 0.44
1 0.31803542673107893 0.528 0.08695652173913043 0.112
2 0.8381642512077294 0.5106666666666667 0.06280193236714976 0.24266666666666667
2 0.748792270531401 0.49733333333333335 0.033816425120772944 0.17333333333333334
2 0.715378421900161 0.49866666666666665 0.018518518518518517 0.13333333333333333
1 0.6944444444444444 0.452 0.018518518518518517 0.050666666666666665
0 0.4524959742351047 0.4573333333333333 0.024154589371980676 0.029333333333333333
0 0.48752012882447665 0.48133333333333334 0.016908212560386472 0.04
0 0.6409017713365539 0.444 0.07890499194847021 0.06666666666666667
0 0.9476650563607085 0.43333333333333335 0.03864734299516908 0.056
0 0.7922705314009661 0.4266666666666667 0.02576489533011272 0.037333333333333336
