1 0.10386473429951691 0.784 0.20772946859903382 0.4266666666666667
1 0.5128824476650563 0.5653333333333334 0.05475040257648953 0.128
1 0.7137681159420289 0.5253333333333333 0.11030595813204509 0.15466666666666667
1 0.4967793880837359 0.5493333333333333 0.040257648953301126 0.10666666666666667
1 0.355475040257649 0.5466666666666666 0.036231884057971016 0.08533333333333333
1 0.6457326892109501 0.5253333333333333 0.09339774557165861 0.10133333333333333
1 0.6803542673107891 0.5293333333333333 0.09822866344605476 0.12
1 0.47705314009661837 0.512 0.018518518518518517 0.064
1 0.6996779388083736 0.744 0.22383252818035426 0.42133333333333334
0 0.214170692431562 0.548 0.06763285024154589 0.056
0 0.3856682769726248 0.5333333333333333 0.01932367149758454 0.064
0 0.4219001610305958 0.512 0.02576489533011272 0.042666666666666665
0 0.4440418679549114 0.49866666666666665 0.013687600644122383 0.032
0 0.9766505636070854 0.5586666666666666 0.04186795491143317 0.21066666666666667
