1 0.9893790849673203 0.4581081081081081 0.0196078431372549 0.21351351351351353
1 0.4166666666666667 0.5243243243243243 0.04738562091503268 0.11351351351351352
2 0.6180555555555556 0.47297297297297297 0.035130718954248366 0.10810810810810811
2 0.5665849673202614 0.4891891891891892 0.031862745098039214 0.10270270270270271
2 0.49060457516339867 0.4797297297297297 0.025326797385620915 0.07837837837837838
2 0.28880718954248363 0.5324324324324324 0.035130718954248366 0.11891891891891893
3 0.3668300653594771 0.5013513513513513 0.014705882352941176 0.10540540540540541
1 0.8108660130718954 0.4337837837837838 0.07107843137254902 0.07297297297297298
0 0.7434640522875817 0.46216216216216216 0.05555555555555555 0.05945945945945946
0 0.2589869281045752 0.5337837837837838 0.00980392156862745 0.0891891891891892
0 0.8852124183006536 0.4283783783783784 0.051470588235294115 0.062162162162162166
0 0.9571078431372549 0.42027027027027025 0.056372549019607844 0.06756756756756757
0 0.5187908496732027 0.4554054054054054 0.024509803921568627 0.04054054054054054
