1 0.943218954248366 0.45 0.1119281045751634 0.1918918918918919
1 0.4236111111111111 0.5175675675675676 0.041666666666666664 0.1
2 0.5910947712418301 0.4756756756756757 0.031862745098039214 0.0972972972972973
2 0.5396241830065359 0.4905405405405405 0.028594771241830064 0.0945945945945946
2 0.29616013071895425 0.5283783783783784 0.031862745098039214 0.11081081081081082
1 0.7883986928104575 0.43108108108108106 0.06535947712418301 0.06756756756756757
0 0.37254901960784315 0.504054054054054 0.032679738562091505 0.1
0 0.47263071895424835 0.48243243243243245 0.018790849673202614 0.07837837837837838
0 0.7250816993464052 0.4581081081081081 0.05473856209150327 0.05675675675675676
0 0.5089869281045751 0.4648648648648649 0.02287581699346405 0.032432432432432434
0 0.2696078431372549 0.5175675675675676 0.008169934640522876 0.07297297297297298
0 0.619281045751634 0.46756756756756757 0.011437908496732025 0.07027027027027027
