1 0.2431561996779388 0.5653333333333334 0.05636070853462158 0.13866666666666666
1 0.20169082125603865 0.532 0.05555555555555555 0.13066666666666665
1 0.03421900161030596 0.5813333333333334 0.06843800322061191 0.07466666666666667
1 0.6384863123993558 0.508 0.037037037037037035 0.072
0 0.7049114331723028 0.48533333333333334 0.012077294685990338 0.05333333333333334
0 0.1179549114331723 0.556 0.06038647342995169 0.056
0 0.7387278582930756 0.4746666666666667 0.005636070853462158 0.042666666666666665
0 0.785829307568438 0.468 0.04669887278582931 0.06666666666666667
0 0.8325281803542673 0.472 0.04830917874396135 0.05333333333333334
0 0.28784219001610306 0.5466666666666666 0.02818035426731079 0.08533333333333333
0 0.32004830917874394 0.5226666666666666 0.016908212560386472 0.048
0 0.6863929146537843 0.488 0.016908212560386472 0.042666666666666665
