1 0.09541062801932366 0.6946666666666667 0.19082125603864733 0.6053333333333333
1 0.20853462157809985 0.5706666666666667 0.04669887278582931 0.13333333333333333
1 0.3663446054750403 0.5626666666666666 0.04830917874396135 0.128
1 0.3470209339774557 0.5506666666666666 0.043478260869565216 0.10933333333333334
1 0.21940418679549115 0.512 0.04911433172302738 0.15466666666666667
1 0.3244766505636071 0.5346666666666666 0.024154589371980676 0.072
1 0.39855072463768115 0.58 0.07085346215780998 0.17866666666666667
0 0.27697262479871176 0.5 0.00966183574879227 0.024
0 0.2942834138486312 0.5066666666666667 0.0249597423510467 0.064
0 0.25402576489533013 0.508 0.013687600644122383 0.04
