3 0.2105475040257649 0.596 0.026570048309178744 0.232
3 0.11996779388083736 0.5533333333333333 0.030595813204508857 0.2
0 0.8341384863123994 0.684 0.0966183574879227 0.30666666666666664
3 0.35507246376811596 0.5186666666666667 0.014492753623188406 0.152
0 0.2777777777777778 0.52 0.0966183574879227 0.10133333333333333
0 0.17552334943639292 0.512 0.030595813204508857 0.11733333333333333
0 0.38003220611916266 0.504 0.008051529790660225 0.10133333333333333
0 0.40217391304347827 0.484 0.023349436392914653 0.06133333333333333
0 0.42592592592592593 0.48533333333333334 0.01288244766505636 0.10666666666666667
0 0.5088566827697263 0.45866666666666667 0.030595813204508857 0.08533333333333333
0 0.47383252818035426 0.476 0.016908212560386472 0.056
0 0.7137681159420289 0.49733333333333335 0.008856682769726247 0.12
0 0.5889694041867954 0.5 0.036231884057971016 0.12533333333333332
0 0.6928341384863124 0.5546666666666666 0.021739130434782608 0.128
