1 0.14371980676328502 0.7746666666666666 0.28743961352657005 0.44533333333333336
1 0.7636876006441223 0.5813333333333334 0.18115942028985507 0.304
1 0.31280193236714976 0.6373333333333333 0.13285024154589373 0.2826666666666667
1 0.3884863123993559 0.5826666666666667 0.06843800322061191 0.168
1 0.41264090177133655 0.556 0.05394524959742351 0.13066666666666665
1 0.5619967793880838 0.5426666666666666 0.0499194847020934 0.14133333333333334
1 0.7355072463768116 0.5306666666666666 0.17954911433172302 0.192
1 0.5780998389694042 0.532 0.05475040257648953 0.11466666666666667
1 0.6099033816425121 0.5133333333333333 0.0571658615136876 0.104
0 0.43760064412238325 0.5173333333333333 0.03784219001610306 0.07466666666666667
0 0.6163446054750402 0.44666666666666666 0.0249597423510467 0.029333333333333333
