3 0.27450980392156865 0.4851351351351351 0.013071895424836602 0.11081081081081082
3 0.35784313725490197 0.4837837837837838 0.006535947712418301 0.08108108108108109
3 0.27124183006535946 0.46621621621621623 0.008169934640522876 0.0891891891891892
1 0.8288398692810458 0.5527027027027027 0.08905228758169935 0.13243243243243244
1 0.8941993464052288 0.5567567567567567 0.0988562091503268 0.12432432432432433
1 0.9477124183006536 0.5581081081081081 0.10294117647058823 0.12702702702702703
3 0.29330065359477125 0.4635135135135135 0.00980392156862745 0.0945945945945946
3 0.29330065359477125 0.5581081081081081 0.026143790849673203 0.21891891891891893
3 0.3741830065359477 0.5486486486486486 0.027777777777777776 0.24324324324324326
2 0.4897875816993464 0.5378378378378378 0.035130718954248366 0.21621621621621623
1 0.505718954248366 0.5 0.029411764705882353 0.07567567567567568
3 0.2479575163398693 0.4756756756756757 0.012254901960784314 0.11351351351351352
3 0.184640522875817 0.47297297297297297 0.008169934640522876 0.11891891891891893
3 0.7949346405228758 0.5148648648648648 0.00980392156862745 0.1
0 0.1597222222222222 0.4891891891891892 0.03022875816993464 0.0972972972972973
0 0.44812091503267976 0.4702702702702703 0.010620915032679739 0.021621621621621623
0 0.4166666666666667 0.49594594594594593 0.008169934640522876 0.04594594594594595
