1 0.11674718196457327 0.7066666666666667 0.23349436392914655 0.39466666666666667
1 0.8462157809983897 0.7493333333333333 0.3059581320450886 0.496
1 0.24396135265700483 0.6186666666666667 0.13526570048309178 0.25066666666666665
1 0.6956521739130435 0.6533333333333333 0.1723027375201288 0.352
1 0.4033816425120773 0.5066666666666667 0.04508856682769726 0.06933333333333333
3 0.5454911433172303 0.5026666666666667 0.013687600644122383 0.088
1 0.5217391304347826 0.4613333333333333 0.06280193236714976 0.10666666666666667
0 0.3103864734299517 0.5053333333333333 0.04589371980676329 0.04533333333333334
0 0.572061191626409 0.49466666666666664 0.03784219001610306 0.072
0 0.47987117552334946 0.48933333333333334 0.040257648953301126 0.050666666666666665
