1 0.011674718196457327 0.616 0.023349436392914653 0.256
1 0.7214170692431562 0.564 0.09339774557165861 0.2
1 0.8095813204508857 0.564 0.11674718196457327 0.17866666666666667
1 0.0640096618357488 0.5533333333333333 0.1280193236714976 0.152
1 0.03421900161030596 0.5826666666666667 0.06843800322061191 0.168
1 0.1320450885668277 0.5133333333333333 0.12077294685990338 0.15733333333333333
1 0.1682769726247987 0.5106666666666667 0.10466988727858294 0.136
0 0.43478260869565216 0.48133333333333334 0.0499194847020934 0.09333333333333334
0 0.23550724637681159 0.5146666666666667 0.0571658615136876 0.08
0 0.34017713365539454 0.49333333333333335 0.11030595813204509 0.037333333333333336
0 0.5471014492753623 0.47733333333333333 0.05233494363929147 0.032
0 0.5954106280193237 0.472 0.013687600644122383 0.02666666666666667
0 0.642512077294686 0.4693333333333333 0.028985507246376812 0.032
