1 0.05314009661835749 0.6373333333333333 0.10628019323671498 0.432
1 0.21296296296296297 0.5826666666666667 0.11674718196457327 0.20533333333333334
1 0.3172302737520129 0.54 0.0644122383252818 0.10933333333333334
0 0.5841384863123994 0.44533333333333336 0.02818035426731079 0.09066666666666667
1 0.3615136876006441 0.5146666666666667 0.04508856682769726 0.10666666666666667
1 0.38405797101449274 0.5186666666666667 0.033816425120772944 0.072
1 0.3993558776167472 0.5093333333333333 0.03542673107890499 0.08
0 0.43397745571658614 0.49733333333333335 0.027375201288244767 0.056
0 0.463768115942029 0.48 0.014492753623188406 0.032
0 0.6183574879227053 0.4613333333333333 0.00644122383252818 0.05333333333333334
