1 0.08252818035426732 0.6853333333333333 0.16505636070853463 0.3893333333333333
1 0.1215780998389694 0.6573333333333333 0.2431561996779388 0.2906666666666667
1 0.20531400966183574 0.592 0.2286634460547504 0.31466666666666665
1 0.7081320450885669 0.5573333333333333 0.13123993558776167 0.176
1 0.533011272141707 0.5346666666666666 0.043478260869565216 0.09866666666666667
1 0.26288244766505636 0.5826666666666667 0.1280193236714976 0.17333333333333334
1 0.2834138486312399 0.576 0.11916264090177134 0.14933333333333335
1 0.33011272141706927 0.5546666666666666 0.10305958132045089 0.11733333333333333
1 0.5116747181964574 0.5173333333333333 0.03140096618357488 0.07466666666666667
0 0.4037842190016103 0.508 0.03140096618357488 0.07733333333333334
0 0.43800322061191627 0.49466666666666664 0.028985507246376812 0.056
0 0.4609500805152979 0.4786666666666667 0.012077294685990338 0.024
0 0.4782608695652174 0.4826666666666667 0.017713365539452495 0.032
