1 0.03864734299516908 0.6893333333333334 0.07729468599033816 0.616
1 0.10104669887278583 0.6986666666666667 0.20209339774557167 0.43733333333333335
1 0.13526570048309178 0.6266666666666667 0.27053140096618356 0.3466666666666667
1 0.28180354267310787 0.5493333333333333 0.14814814814814814 0.176
1 0.33132045088566825 0.5266666666666666 0.10869565217391304 0.168
1 0.5776972624798712 0.5706666666666667 0.06521739130434782 0.16
1 0.751610305958132 0.752 0.25523349436392917 0.49066666666666664
1 0.5446859903381642 0.5266666666666666 0.039452495974235106 0.11466666666666667
1 0.3691626409017713 0.528 0.08776167471819646 0.10666666666666667
0 0.4444444444444444 0.48533333333333334 0.06602254428341385 0.058666666666666666
0 0.5124798711755234 0.496 0.036231884057971016 0.07466666666666667
0 0.4863123993558776 0.4746666666666667 0.008051529790660225 0.021333333333333333
