1 0.04710144927536232 0.768 0.09420289855072464 0.45866666666666667
2 0.30112721417069244 0.6306666666666667 0.07085346215780998 0.344
2 0.34541062801932365 0.6253333333333333 0.05314009661835749 0.312
1 0.32648953301127215 0.584 0.08776167471819646 0.16533333333333333
2 0.40901771336553944 0.5346666666666666 0.020933977455716585 0.14133333333333334
1 0.4114331723027375 0.524 0.040257648953301126 0.07733333333333334
1 0.5273752012882448 0.504 0.027375201288244767 0.07466666666666667
1 0.9545088566827697 0.704 0.0893719806763285 0.5866666666666667
0 0.5772946859903382 0.4866666666666667 0.014492753623188406 0.13066666666666665
0 0.5052334943639292 0.47333333333333333 0.018518518518518517 0.04533333333333334
0 0.5523349436392915 0.464 0.011272141706924315 0.032
