1 0.09138486312399356 0.5226666666666666 0.107085346215781 0.15466666666666667
0 0.1642512077294686 0.5186666666666667 0.04669887278582931 0.09866666666666667
1 0.2612721417069243 0.5266666666666666 0.05394524959742351 0.07733333333333334
1 0.25120772946859904 0.49866666666666665 0.04830917874396135 0.08
0 0.27938808373590984 0.49866666666666665 0.020933977455716585 0.05333333333333334
1 0.3715780998389694 0.49466666666666664 0.021739130434782608 0.04533333333333334
1 0.34500805152979064 0.5 0.026570048309178744 0.04533333333333334
0 0.5414653784219001 0.484 0.021739130434782608 0.04533333333333334
0 0.3961352657004831 0.49066666666666664 0.014492753623188406 0.032
0 0.4166666666666667 0.4866666666666667 0.010466988727858293 0.024
0 0.5853462157809984 0.476 0.0499194847020934 0.024
0 0.49315619967793883 0.48 0.015297906602254429 0.016
0 0.45974235104669886 0.4826666666666667 0.00644122383252818 0.016
