1 0.7536764705882353 0.43648648648648647 0.0923202614379085 0.1
1 0.4456699346405229 0.49594594594594593 0.02696078431372549 0.06756756756756757
2 0.5147058823529411 0.48243243243243245 0.021241830065359478 0.06756756756756757
2 0.4730392156862745 0.48243243243243245 0.021241830065359478 0.06756756756756757
3 0.48447712418300654 0.49324324324324326 0.011437908496732025 0.06756756756756757
3 0.380718954248366 0.5 0.011437908496732025 0.07567567567567568
0 0.3304738562091503 0.518918918918919 0.03022875816993464 0.08648648648648649
0 0.6711601307189542 0.44594594594594594 0.035130718954248366 0.03783783783783784
0 0.5886437908496732 0.4581081081081081 0.007352941176470588 0.051351351351351354
0 0.42401960784313725 0.49324324324324326 0.00980392156862745 0.062162162162162166
