3 0.9709208400646203 0.7018716577540107 0.05654281098546042 0.5909090909090909
3 0.30936995153473346 0.5521390374331551 0.027463651050080775 0.2540106951871658
3 0.19789983844911146 0.6764705882352942 0.061389337641357025 0.5026737967914439
3 0.5274636510500808 0.5374331550802139 0.024232633279483037 0.1497326203208556
3 0.4244749596122779 0.5427807486631016 0.016962843295638127 0.17647058823529413
3 0.4640549273021002 0.516042780748663 0.013731825525040387 0.1443850267379679
3 0.5137318255250404 0.5066844919786097 0.012924071082390954 0.13101604278074866
3 0.5052504038772213 0.4959893048128342 0.007269789983844911 0.09358288770053476
1 0.7415185783521809 0.5066844919786097 0.29079159935379645 0.8689839572192514
0 0.48465266558966075 0.5 0.022617124394184167 0.11229946524064172
0 0.5690630048465266 0.5013368983957219 0.04604200323101777 0.11497326203208556
