1 0.4106280193236715 0.5133333333333333 0.033816425120772944 0.10933333333333334
2 0.532608695652174 0.5973333333333334 0.050724637681159424 0.26666666666666666
1 0.6400966183574879 0.6186666666666667 0.10466988727858294 0.24533333333333332
1 0.5607890499194848 0.5813333333333334 0.08776167471819646 0.176
1 0.29871175523349436 0.564 0.06924315619967794 0.16266666666666665
1 0.5040257648953301 0.544 0.05636070853462158 0.13333333333333333
1 0.48027375201288247 0.5333333333333333 0.04911433172302738 0.10666666666666667
0 0.44565217391304346 0.5146666666666667 0.03462157809983897 0.09066666666666667
0 0.36231884057971014 0.476 0.00644122383252818 0.034666666666666665
0 0.3828502415458937 0.468 0.026570048309178744 0.029333333333333333
