1 0.7222222222222222 0.6266666666666667 0.21256038647342995 0.29333333333333333
1 0.049516908212560384 0.7146666666666667 0.09903381642512077 0.4533333333333333
1 0.1247987117552335 0.616 0.23510466988727857 0.2613333333333333
1 0.6658615136876006 0.6053333333333333 0.16747181964573268 0.22933333333333333
1 0.19363929146537842 0.5653333333333334 0.16183574879227053 0.208
1 0.2391304347826087 0.5506666666666666 0.12077294685990338 0.2
1 0.25161030595813205 0.5253333333333333 0.09420289855072464 0.13866666666666666
1 0.37962962962962965 0.5133333333333333 0.03140096618357488 0.06666666666666667
0 0.8884863123993558 0.5466666666666666 0.039452495974235106 0.09066666666666667
0 0.8305152979066023 0.52 0.0426731078904992 0.05333333333333334
0 0.35628019323671495 0.492 0.020128824476650563 0.029333333333333333
0 0.31239935587761675 0.48933333333333334 0.02254428341384863 0.029333333333333333
