3 0.5760869565217391 0.5106666666666667 0.008856682769726247 0.08266666666666667
1 0.03542673107890499 0.5613333333333334 0.07085346215780998 0.15733333333333333
0 0.09822866344605476 0.5466666666666666 0.05152979066022544 0.10133333333333333
1 0.023349436392914653 0.616 0.04669887278582931 0.192
1 0.2246376811594203 0.548 0.06602254428341385 0.10933333333333334
1 0.19404186795491143 0.54 0.06602254428341385 0.104
1 0.3353462157809984 0.5186666666666667 0.03140096618357488 0.06133333333333333
0 0.538647342995169 0.496 0.00966183574879227 0.05333333333333334
0 0.44565217391304346 0.492 0.005636070853462158 0.018666666666666668
0 0.7049114331723028 0.5373333333333333 0.0426731078904992 0.050666666666666665
0 0.643317230273752 0.492 0.1143317230273752 0.04533333333333334
