3 0.22987117552334943 0.5706666666666667 0.029790660225442835 0.272
2 0.6344605475040258 0.5346666666666666 0.03542673107890499 0.2
3 0.5929951690821256 0.516 0.016908212560386472 0.15733333333333333
0 0.13285024154589373 0.5813333333333334 0.15780998389694043 0.192
0 0.3272946859903382 0.5226666666666666 0.15217391304347827 0.12266666666666666
0 0.4863123993558776 0.4786666666666667 0.0499194847020934 0.10933333333333334
0 0.4440418679549114 0.4826666666666667 0.036231884057971016 0.042666666666666665
0 0.6831723027375202 0.5173333333333333 0.04428341384863124 0.13866666666666666
0 0.7918679549114331 0.5426666666666666 0.02818035426731079 0.13066666666666665
0 0.8272946859903382 0.524 0.021739130434782608 0.18933333333333333
