1 0.8442028985507246 0.7573333333333333 0.30998389694041867 0.48
2 0.06481481481481481 0.7253333333333334 0.12962962962962962 0.544
1 0.11272141706924316 0.7813333333333333 0.22544283413848631 0.432
1 0.6191626409017713 0.6133333333333333 0.14653784219001612 0.3466666666666667
1 0.22383252818035426 0.6586666666666666 0.15458937198067632 0.288
1 0.5092592592592593 0.5586666666666666 0.05555555555555555 0.136
1 0.34500805152979064 0.556 0.04589371980676329 0.104
1 0.4774557165861514 0.5386666666666666 0.0322061191626409 0.09066666666666667
2 0.20611916264090177 0.7386666666666667 0.13687600644122383 0.5173333333333333
0 0.40982286634460546 0.5026666666666667 0.014492753623188406 0.034666666666666665
0 0.4327697262479871 0.5026666666666667 0.018518518518518517 0.034666666666666665
0 0.3860708534621578 0.5226666666666666 0.023349436392914653 0.064
0 0.4581320450885668 0.52 0.02254428341384863 0.048
