1 0.9685990338164251 0.6066666666666667 0.061191626409017714 0.5093333333333333
1 0.5990338164251208 0.6226666666666667 0.15458937198067632 0.27466666666666667
1 0.48711755233494364 0.5666666666666667 0.15780998389694043 0.30666666666666664
1 0.8132045088566827 0.5293333333333333 0.07568438003220612 0.18933333333333333
1 0.9750402576489533 0.408 0.04830917874396135 0.26666666666666666
0 0.39090177133655396 0.644 0.21175523349436393 0.17333333333333334
1 0.34541062801932365 0.5893333333333334 0.15136876006441224 0.192
1 0.26811594202898553 0.5773333333333334 0.10950080515297907 0.14666666666666667
0 0.28743961352657005 0.5866666666666667 0.09822866344605476 0.14933333333333335
0 0.36513687600644124 0.5106666666666667 0.04428341384863124 0.12
1 0.021739130434782608 0.5973333333333334 0.043478260869565216 0.128
