1 0.1606280193236715 0.62 0.14895330112721417 0.248
1 0.29508856682769724 0.5533333333333333 0.07326892109500806 0.12533333333333332
0 0.5821256038647343 0.456 0.028985507246376812 0.09066666666666667
1 0.34541062801932365 0.5253333333333333 0.0499194847020934 0.11733333333333333
1 0.37077294685990336 0.528 0.036231884057971016 0.08
1 0.3888888888888889 0.5146666666666667 0.03864734299516908 0.08533333333333333
0 0.42632850241545894 0.5053333333333333 0.026570048309178744 0.056
0 0.4577294685990338 0.48933333333333334 0.018518518518518517 0.029333333333333333
0 0.6557971014492754 0.468 0.008856682769726247 0.06666666666666667
0 0.6167471819645732 0.46 0.008051529790660225 0.050666666666666665
