1 0.821658615136876 0.7266666666666667 0.35507246376811596 0.5413333333333333
1 0.11755233494363929 0.636 0.23510466988727857 0.34933333333333333
1 0.07407407407407407 0.6933333333333334 0.14814814814814814 0.4533333333333333
1 0.2290660225442834 0.6093333333333333 0.2037037037037037 0.25333333333333335
1 0.30958132045088566 0.544 0.09742351046698873 0.144
1 0.32930756843800324 0.5426666666666666 0.09339774557165861 0.12
1 0.35144927536231885 0.516 0.10225442834138486 0.14666666666666667
1 0.6086956521739131 0.5186666666666667 0.06602254428341385 0.09333333333333334
1 0.5177133655394525 0.5066666666666667 0.028985507246376812 0.064
0 0.4219001610305958 0.49866666666666665 0.027375201288244767 0.042666666666666665
0 0.44363929146537845 0.476 0.00966183574879227 0.034666666666666665
0 0.48792270531400966 0.47733333333333333 0.020933977455716585 0.05333333333333334
