1 0.3103864734299517 0.596 0.0748792270531401 0.15733333333333333
1 0.5636070853462157 0.5306666666666666 0.05475040257648953 0.13333333333333333
1 0.3506441223832528 0.5653333333333334 0.0571658615136876 0.11733333333333333
1 0.3860708534621578 0.5293333333333333 0.04106280193236715 0.104
1 0.4005636070853462 0.5226666666666666 0.033011272141706925 0.08
1 0.9219001610305958 0.416 0.0998389694041868 0.144
1 0.026972624798711754 0.604 0.05394524959742351 0.10933333333333334
1 0.05032206119162641 0.604 0.10064412238325282 0.12533333333333332
0 0.4335748792270531 0.5 0.015297906602254429 0.034666666666666665
0 0.45933977455716585 0.4866666666666667 0.0249597423510467 0.029333333333333333
0 0.48429951690821255 0.47733333333333333 0.010466988727858293 0.02666666666666667
0 0.5124798711755234 0.48533333333333334 0.015297906602254429 0.032
0 0.9637681159420289 0.388 0.06763285024154589 0.16266666666666665
0 0.6288244766505636 0.44 0.05152979066022544 0.048
