1 0.35507246376811596 0.5613333333333334 0.05152979066022544 0.11466666666666667
1 0.5471014492753623 0.5133333333333333 0.04106280193236715 0.104
1 0.3780193236714976 0.5453333333333333 0.0426731078904992 0.09333333333333334
1 0.40217391304347827 0.524 0.033011272141706925 0.088
1 0.8518518518518519 0.4093333333333333 0.07729468599033816 0.12
1 0.05032206119162641 0.6026666666666667 0.08132045088566828 0.096
1 0.09259259259259259 0.596 0.07246376811594203 0.09333333333333334
1 0.13003220611916264 0.584 0.07809983896940419 0.10133333333333333
0 0.4335748792270531 0.504 0.026570048309178744 0.05333333333333334
0 0.4613526570048309 0.48533333333333334 0.028985507246376812 0.037333333333333336
0 0.4859098228663446 0.472 0.010466988727858293 0.032
0 0.5048309178743962 0.484 0.020933977455716585 0.04
0 0.6819645732689211 0.4493333333333333 0.02576489533011272 0.04533333333333334
0 0.6099033816425121 0.4493333333333333 0.04428341384863124 0.034666666666666665
