3 0.29911433172302737 0.5493333333333333 0.016908212560386472 0.16
3 0.23470209339774556 0.5226666666666666 0.016908212560386472 0.14933333333333335
0 0.6996779388083736 0.5853333333333334 0.04508856682769726 0.17333333333333334
0 0.38808373590982287 0.504 0.02254428341384863 0.12266666666666666
0 0.4251207729468599 0.48 0.037037037037037035 0.08533333333333333
0 0.5112721417069244 0.4533333333333333 0.03542673107890499 0.06933333333333333
0 0.4750402576489533 0.4613333333333333 0.02254428341384863 0.032
0 0.3385668276972625 0.5013333333333333 0.04106280193236715 0.08
0 0.26851851851851855 0.49733333333333335 0.039452495974235106 0.08266666666666667
0 0.5776972624798712 0.488 0.026570048309178744 0.09066666666666667
0 0.6594202898550725 0.504 0.05636070853462158 0.16
