1 0.39950980392156865 0.5324324324324324 0.06372549019607843 0.14594594594594595
2 0.6883169934640523 0.4648648648648649 0.04493464052287582 0.13513513513513514
2 0.6327614379084967 0.4743243243243243 0.03839869281045752 0.12162162162162163
3 0.4309640522875817 0.4972972972972973 0.01715686274509804 0.12432432432432433
2 0.5347222222222222 0.4797297297297297 0.028594771241830064 0.0891891891891892
3 0.35130718954248363 0.4972972972972973 0.0196078431372549 0.13513513513513514
2 0.27205882352941174 0.5297297297297298 0.0457516339869281 0.14054054054054055
3 0.32679738562091504 0.5094594594594595 0.014705882352941176 0.12702702702702703
1 0.863562091503268 0.43648648648648647 0.08496732026143791 0.08378378378378379
0 0.23447712418300654 0.5283783783783784 0.013071895424836602 0.0945945945945946
0 0.7871732026143791 0.46621621621621623 0.06781045751633986 0.07297297297297298
0 0.9366830065359477 0.43648648648648647 0.051470588235294115 0.05675675675675676
0 0.5102124183006536 0.4635135135135135 0.015522875816993464 0.02972972972972973
0 0.5829248366013072 0.46756756756756757 0.007352941176470588 0.04864864864864865
