1 0.11030595813204509 0.664 0.22061191626409019 0.5653333333333334
1 0.8156199677938808 0.7626666666666667 0.33816425120772947 0.4693333333333333
1 0.11634460547504026 0.616 0.23268921095008052 0.4053333333333333
1 0.18961352657004832 0.6106666666666667 0.2069243156199678 0.2773333333333333
1 0.22584541062801933 0.5826666666666667 0.20209339774557167 0.248
1 0.32085346215780997 0.532 0.11996779388083736 0.14133333333333334
1 0.35507246376811596 0.5186666666666667 0.09178743961352658 0.14133333333333334
1 0.5628019323671497 0.54 0.05152979066022544 0.13066666666666665
1 0.6493558776167472 0.644 0.13446054750402575 0.312
1 0.538647342995169 0.5106666666666667 0.033816425120772944 0.09866666666666667
1 0.3836553945249597 0.5093333333333333 0.07648953301127215 0.09066666666666667
0 0.4468599033816425 0.48133333333333334 0.043478260869565216 0.06666666666666667
0 0.49838969404186795 0.4706666666666667 0.027375201288244767 0.034666666666666665
0 0.5157004830917874 0.49066666666666664 0.023349436392914653 0.048
0 0.4746376811594203 0.4666666666666667 0.012077294685990338 0.042666666666666665
