1 0.855475040257649 0.7293333333333333 0.28743961352657005 0.536
1 0.15499194847020933 0.708 0.23429951690821257 0.37066666666666664
1 0.6888083735909822 0.6346666666666667 0.1747181964573269 0.33066666666666666
1 0.35829307568438 0.5346666666666666 0.057971014492753624 0.13066666666666665
1 0.5885668276972624 0.54 0.07407407407407407 0.168
1 0.5680354267310789 0.5213333333333333 0.05394524959742351 0.13066666666666665
1 0.3828502415458937 0.5213333333333333 0.039452495974235106 0.09866666666666667
0 0.19082125603864733 0.5 0.0644122383252818 0.06666666666666667
0 0.6698872785829307 0.4493333333333333 0.040257648953301126 0.04
0 0.5913848631239935 0.46 0.020128824476650563 0.088
