1 0.0998389694041868 0.692 0.1996779388083736 0.49333333333333335
1 0.09017713365539452 0.616 0.18035426731078905 0.33066666666666666
1 0.1461352657004831 0.5866666666666667 0.2536231884057971 0.2773333333333333
1 0.20531400966183574 0.564 0.12721417069243157 0.23733333333333334
1 0.2785829307568438 0.56 0.178743961352657 0.192
1 0.2890499194847021 0.47733333333333333 0.1996779388083736 0.31466666666666665
1 0.6026570048309179 0.588 0.09581320450885668 0.216
1 0.678743961352657 0.5373333333333333 0.10789049919484701 0.14666666666666667
1 0.5165056360708534 0.48133333333333334 0.018518518518518517 0.04533333333333334
0 0.7628824476650563 0.764 0.1247987117552335 0.4666666666666667
0 0.4053945249597424 0.48533333333333334 0.08132045088566828 0.08
0 0.464170692431562 0.4573333333333333 0.05233494363929147 0.034666666666666665
0 0.5768921095008052 0.48 0.06843800322061191 0.05333333333333334
