1 0.03784219001610306 0.7413333333333333 0.07568438003220612 0.416
1 0.24194847020933977 0.5626666666666666 0.15056360708534622 0.20266666666666666
1 0.37037037037037035 0.5173333333333333 0.061191626409017714 0.08
0 0.07568438003220612 0.6386666666666667 0.1143317230273752 0.248
2 0.7274557165861514 0.49733333333333335 0.03462157809983897 0.168
2 0.6811594202898551 0.5026666666666667 0.02254428341384863 0.12533333333333332
2 0.6594202898550725 0.49466666666666664 0.017713365539452495 0.104
0 0.49557165861513686 0.49333333333333335 0.018518518518518517 0.042666666666666665
0 0.8260869565217391 0.4653333333333333 0.15136876006441224 0.088
0 0.6147342995169082 0.4746666666666667 0.050724637681159424 0.05333333333333334
