1 0.033816425120772944 0.6826666666666666 0.06763285024154589 0.2986666666666667
0 0.570450885668277 0.44666666666666666 0.03462157809983897 0.09866666666666667
1 0.15821256038647344 0.592 0.1392914653784219 0.25066666666666665
1 0.24677938808373592 0.5786666666666667 0.08776167471819646 0.14933333333333335
1 0.2942834138486312 0.5466666666666666 0.0748792270531401 0.144
1 0.357487922705314 0.5293333333333333 0.04508856682769726 0.088
1 0.37962962962962965 0.52 0.036231884057971016 0.07466666666666667
0 0.4227053140096618 0.49066666666666664 0.024154589371980676 0.037333333333333336
0 0.6698872785829307 0.4706666666666667 0.011272141706924315 0.08266666666666667
0 0.6171497584541062 0.4666666666666667 0.008856682769726247 0.058666666666666666
