1 0.23510466988727857 0.572 0.12721417069243157 0.152
1 0.40096618357487923 0.524 0.07085346215780998 0.10933333333333334
1 0.03985507246376811 0.5733333333333334 0.07971014492753623 0.16
1 0.3168276972624799 0.512 0.071658615136876 0.10666666666666667
1 0.43438003220611915 0.48533333333333334 0.03784219001610306 0.08
1 0.48792270531400966 0.5 0.04186795491143317 0.07733333333333334
1 0.572866344605475 0.4786666666666667 0.020128824476650563 0.04533333333333334
0 0.5406602254428341 0.4693333333333333 0.0249597423510467 0.02666666666666667
0 0.6099033816425121 0.4706666666666667 0.021739130434782608 0.056
0 0.8264895330112721 0.45066666666666666 0.3438003220611916 0.06933333333333333
