3 0.5500807754442649 0.5320855614973262 0.024232633279483037 0.21390374331550802
3 0.5718901453957996 0.5200534759358288 0.025848142164781908 0.22192513368983957
3 0.3711631663974152 0.5374331550802139 0.025040387722132473 0.22994652406417113
2 0.4886914378029079 0.4893048128342246 0.01938610662358643 0.12834224598930483
0 0.7730210016155089 0.7419786096256684 0.07592891760904685 0.4411764705882353
0 0.972940226171244 0.7526737967914439 0.049273021001615507 0.4839572192513369
0 0.04240710823909531 0.6283422459893048 0.08319870759289176 0.32620320855614976
0 0.4349757673667205 0.4879679144385027 0.012116316639741519 0.09893048128342247
0 0.31179321486268174 0.5133689839572193 0.0210016155088853 0.12299465240641712
0 0.4588045234248788 0.4893048128342246 0.012924071082390954 0.0962566844919786
0 0.5048465266558966 0.4572192513368984 0.012924071082390954 0.0374331550802139
0 0.5965266558966075 0.47593582887700536 0.013731825525040387 0.11764705882352941
