1 0.2665056360708535 0.7306666666666667 0.20611916264090177 0.464
1 0.3804347826086957 0.6013333333333334 0.07809983896940419 0.20533333333333334
1 0.41505636070853463 0.5173333333333333 0.05877616747181964 0.19733333333333333
1 0.16908212560386474 0.716 0.1706924315619968 0.36
1 0.6545893719806763 0.5786666666666667 0.1932367149758454 0.24533333333333332
1 0.6115136876006442 0.5573333333333333 0.14090177133655393 0.16
1 0.5543478260869565 0.528 0.0893719806763285 0.12266666666666666
1 0.4424315619967794 0.5106666666666667 0.036231884057971016 0.10933333333333334
0 0.9061996779388084 0.728 0.1859903381642512 0.4
0 0.8051529790660226 0.6666666666666666 0.12399355877616747 0.29333333333333333
0 0.7705314009661836 0.6346666666666667 0.12721417069243157 0.2826666666666667
1 0.5140901771336553 0.508 0.023349436392914653 0.072
1 0.10587761674718196 0.6093333333333333 0.21175523349436393 0.776
