1 0.7000805152979066 0.708 0.20209339774557167 0.38666666666666666
1 0.0640096618357488 0.6626666666666666 0.1280193236714976 0.52
1 0.5495169082125604 0.532 0.04750402576489533 0.13066666666666665
1 0.3280998389694042 0.5453333333333333 0.10225442834138486 0.13066666666666665
1 0.3462157809983897 0.5373333333333333 0.1111111111111111 0.12
1 0.3856682769726248 0.5026666666666667 0.08051529790660225 0.10933333333333334
3 0.20450885668276972 0.504 0.014492753623188406 0.144
0 0.3305152979066023 0.5986666666666667 0.07004830917874397 0.136
0 0.3071658615136876 0.608 0.04428341384863124 0.176
0 0.3425925925925926 0.5786666666666667 0.061996779388083734 0.13333333333333333
0 0.6195652173913043 0.6146666666666667 0.0893719806763285 0.18933333333333333
0 0.44484702093397743 0.492 0.05877616747181964 0.07733333333333334
0 0.5100644122383253 0.48533333333333334 0.039452495974235106 0.08
0 0.4867149758454106 0.4653333333333333 0.007246376811594203 0.018666666666666668
