1 0.4786462530217567 0.511968085106383 0.0273972602739726 0.08244680851063829
1 0.08380338436744561 0.6502659574468085 0.16760676873489122 0.3377659574468085
0 0.16317485898468978 0.7938829787234043 0.1587429492344883 0.31117021276595747
1 0.257856567284448 0.6702127659574468 0.16921837228041903 0.3191489361702128
1 0.2401289282836422 0.5797872340425532 0.09186140209508462 0.13829787234042554
1 0.3690572119258662 0.5611702127659575 0.06285253827558421 0.13829787234042554
1 0.3235294117647059 0.5332446808510638 0.04915390813859791 0.10904255319148937
1 0.39766317485898467 0.5319148936170213 0.0410958904109589 0.09042553191489362
1 0.41941982272361 0.5252659574468085 0.028203062046736505 0.06648936170212766
0 0.43674456083803387 0.49069148936170215 0.020950846091861403 0.07712765957446809
1 0.22481869460112813 0.5279255319148937 0.08058017727639001 0.14627659574468085
