1 0.8196457326892109 0.732 0.34299516908212563 0.5306666666666666
1 0.0929951690821256 0.728 0.1859903381642512 0.496
1 0.10426731078904992 0.6373333333333333 0.20853462157809985 0.43733333333333335
1 0.15901771336553946 0.6213333333333333 0.2037037037037037 0.25066666666666665
1 0.26006441223832527 0.5986666666666667 0.16264090177133655 0.2
1 0.3003220611916264 0.576 0.14170692431561996 0.18666666666666668
1 0.3132045088566828 0.564 0.10789049919484701 0.17333333333333334
1 0.32689210950080516 0.544 0.1288244766505636 0.15466666666666667
1 0.35507246376811596 0.5293333333333333 0.08856682769726248 0.11466666666666667
1 0.3852657004830918 0.504 0.0748792270531401 0.11733333333333333
2 0.464170692431562 0.5 0.007246376811594203 0.056
1 0.5780998389694042 0.5666666666666667 0.05958132045088567 0.152
1 0.644927536231884 0.528 0.10305958132045089 0.13866666666666666
1 0.5829307568438004 0.5 0.05958132045088567 0.088
1 0.5209339774557166 0.5013333333333333 0.020933977455716585 0.05333333333333334
0 0.4416264090177134 0.49466666666666664 0.03140096618357488 0.050666666666666665
0 0.4867149758454106 0.476 0.005636070853462158 0.018666666666666668
0 0.5060386473429952 0.476 0.018518518518518517 0.056
