1 0.23148148148148148 0.656 0.16505636070853463 0.3253333333333333
2 0.40418679549114334 0.5373333333333333 0.024154589371980676 0.15733333333333333
2 0.42351046698872785 0.5346666666666666 0.01932367149758454 0.14666666666666667
1 0.37681159420289856 0.5386666666666666 0.05475040257648953 0.112
2 0.4363929146537842 0.5106666666666667 0.01288244766505636 0.09333333333333334
1 0.5261674718196457 0.49866666666666665 0.023349436392914653 0.064
1 0.7024959742351047 0.7 0.21336553945249598 0.488
0 0.5555555555555556 0.4653333333333333 0.017713365539452495 0.04
0 0.5696457326892109 0.488 0.015297906602254429 0.10666666666666667
0 0.5076489533011272 0.472 0.018518518518518517 0.048
