1 0.358695652173913 0.532 0.03784219001610306 0.10933333333333334
1 0.30958132045088566 0.5093333333333333 0.04589371980676329 0.112
1 0.19001610305958133 0.6186666666666667 0.10305958132045089 0.192
1 0.11030595813204509 0.6306666666666667 0.1143317230273752 0.17333333333333334
3 0.33816425120772947 0.5306666666666666 0.008051529790660225 0.06933333333333333
1 0.1747181964573269 0.544 0.06280193236714976 0.064
1 0.7286634460547504 0.48133333333333334 0.033816425120772944 0.06133333333333333
0 0.7757648953301127 0.4613333333333333 0.04750402576489533 0.07466666666666667
0 0.8297101449275363 0.45466666666666666 0.012077294685990338 0.056
0 0.8675523349436393 0.45466666666666666 0.04428341384863124 0.050666666666666665
0 0.9424315619967794 0.44133333333333336 0.07004830917874397 0.06666666666666667
0 0.24436392914653784 0.5346666666666666 0.04911433172302738 0.06133333333333333
0 0.39009661835748793 0.5213333333333333 0.029790660225442835 0.072
