1 0.16344605475040258 0.7173333333333334 0.32689210950080516 0.56
1 0.9206924315619968 0.7106666666666667 0.1570048309178744 0.4826666666666667
1 0.5152979066022544 0.5946666666666667 0.10950080515297907 0.208
3 0.8059581320450886 0.49466666666666664 0.01610305958132045 0.152
1 0.8039452495974235 0.552 0.0748792270531401 0.17066666666666666
1 0.605877616747182 0.5186666666666667 0.05394524959742351 0.12
1 0.6268115942028986 0.504 0.039452495974235106 0.096
0 0.5068438003220612 0.48133333333333334 0.1280193236714976 0.06133333333333333
0 0.6650563607085346 0.49066666666666664 0.05152979066022544 0.08533333333333333
0 0.7455716586151369 0.472 0.040257648953301126 0.058666666666666666
0 0.7693236714975845 0.516 0.026570048309178744 0.10933333333333334
0 0.7081320450885669 0.4693333333333333 0.020128824476650563 0.032
