1 0.4891304347826087 0.5026666666666667 0.018518518518518517 0.06133333333333333
1 0.6296296296296297 0.6373333333333333 0.11594202898550725 0.272
1 0.5925925925925926 0.576 0.08051529790660225 0.192
1 0.4605475040257649 0.5026666666666667 0.017713365539452495 0.04533333333333334
1 0.5563607085346216 0.5346666666666666 0.04186795491143317 0.11466666666666667
1 0.5426731078904992 0.5213333333333333 0.03864734299516908 0.104
1 0.33132045088566825 0.5173333333333333 0.04106280193236715 0.048
3 0.572463768115942 0.49733333333333335 0.011272141706924315 0.104
0 0.37681159420289856 0.512 0.04669887278582931 0.05333333333333334
0 0.5148953301127214 0.5053333333333333 0.021739130434782608 0.072
