1 0.49315619967793883 0.5026666666666667 0.021739130434782608 0.072
1 0.15861513687600645 0.744 0.3172302737520129 0.5066666666666667
2 0.6658615136876006 0.5693333333333334 0.10789049919484701 0.38133333333333336
3 0.6276167471819646 0.5706666666666667 0.026570048309178744 0.288
3 0.5925925925925926 0.572 0.02254428341384863 0.22666666666666666
3 0.1956521739130435 0.6146666666666667 0.027375201288244767 0.2906666666666667
2 0.6348631239935588 0.5466666666666666 0.07971014492753623 0.288
0 0.3538647342995169 0.524 0.03462157809983897 0.072
0 0.5603864734299517 0.47733333333333333 0.01288244766505636 0.064
0 0.428341384863124 0.49333333333333335 0.037037037037037035 0.042666666666666665
