1 0.5805152979066023 0.5613333333333334 0.07085346215780998 0.17333333333333334
1 0.05756843800322061 0.8213333333333334 0.11513687600644122 0.352
1 0.8780193236714976 0.5573333333333333 0.24235104669887278 0.2613333333333333
1 0.8132045088566827 0.496 0.20450885668276972 0.2613333333333333
0 0.3035426731078905 0.6106666666666667 0.06280193236714976 0.10666666666666667
1 0.33776167471819646 0.5613333333333334 0.06521739130434782 0.14666666666666667
1 0.19766505636070852 0.668 0.1537842190016103 0.27466666666666667
1 0.715780998389694 0.5026666666666667 0.13526570048309178 0.15733333333333333
1 0.3884863123993559 0.5333333333333333 0.039452495974235106 0.09066666666666667
1 0.9533011272141707 0.448 0.09178743961352658 0.128
0 0.4923510466988728 0.4786666666666667 0.013687600644122383 0.034666666666666665
0 0.43196457326892107 0.5133333333333333 0.0571658615136876 0.08266666666666667
0 0.5128824476650563 0.496 0.02576489533011272 0.058666666666666666
0 0.6022544283413849 0.4706666666666667 0.05475040257648953 0.056
