1 0.022946859903381644 0.668 0.04589371980676329 0.248
1 0.11352657004830918 0.604 0.1529790660225443 0.19466666666666665
1 0.535829307568438 0.5133333333333333 0.02818035426731079 0.08266666666666667
1 0.5024154589371981 0.496 0.030595813204508857 0.08
1 0.5462962962962963 0.49333333333333335 0.023349436392914653 0.06933333333333333
1 0.7814009661835749 0.45866666666666667 0.07648953301127215 0.08533333333333333
1 0.75 0.4613333333333333 0.06682769726247988 0.08
0 0.9025764895330113 0.44533333333333336 0.19001610305958133 0.15466666666666667
0 0.01570048309178744 0.5613333333333334 0.03140096618357488 0.04533333333333334
0 0.27657004830917875 0.516 0.1570048309178744 0.08266666666666667
0 0.4392109500805153 0.4826666666666667 0.026570048309178744 0.042666666666666665
0 0.5966183574879227 0.464 0.017713365539452495 0.05333333333333334
