1 0.8494363929146538 0.704 0.2995169082125604 0.5866666666666667
1 0.4086151368760064 0.5546666666666666 0.04911433172302738 0.112
1 0.6960547504025765 0.6533333333333333 0.13768115942028986 0.2773333333333333
1 0.6324476650563607 0.5813333333333334 0.08132045088566828 0.192
1 0.6034621578099839 0.5613333333333334 0.05394524959742351 0.136
1 0.5865539452495975 0.5426666666666666 0.0426731078904992 0.10933333333333334
1 0.46980676328502413 0.5146666666666667 0.021739130434782608 0.05333333333333334
0 0.5410628019323671 0.496 0.027375201288244767 0.037333333333333336
0 0.5575684380032206 0.5253333333333333 0.016908212560386472 0.06933333333333333
0 0.44001610305958133 0.536 0.03462157809983897 0.07466666666666667
