1 0.7403381642512077 0.5546666666666666 0.09742351046698873 0.19733333333333333
1 0.6501610305958132 0.5493333333333333 0.07004830917874397 0.18666666666666668
1 0.22946859903381642 0.5546666666666666 0.0499194847020934 0.10133333333333333
1 0.38727858293075684 0.5173333333333333 0.07568438003220612 0.10666666666666667
1 0.04669887278582931 0.552 0.03864734299516908 0.09066666666666667
1 0.17713365539452497 0.516 0.020933977455716585 0.06133333333333333
1 0.5185185185185185 0.648 0.23832528180354268 0.4693333333333333
1 0.34500805152979064 0.6106666666666667 0.10386473429951691 0.18666666666666668
0 0.8433977455716586 0.508 0.13768115942028986 0.09866666666666667
0 0.11755233494363929 0.512 0.04830917874396135 0.058666666666666666
0 0.07246376811594203 0.532 0.02254428341384863 0.07733333333333334
