1 0.23148148148148148 0.732 0.22624798711755234 0.41333333333333333
1 0.09259259259259259 0.7386666666666667 0.18518518518518517 0.4
1 0.537842190016103 0.5213333333333333 0.03864734299516908 0.104
1 0.34863123993558776 0.5853333333333334 0.0853462157809984 0.184
1 0.6863929146537843 0.5013333333333333 0.1280193236714976 0.128
1 0.6642512077294686 0.48 0.10628019323671498 0.144
1 0.8784219001610306 0.424 0.1111111111111111 0.128
0 0.41545893719806765 0.504 0.04830917874396135 0.06933333333333333
0 0.44605475040257647 0.484 0.01288244766505636 0.056
0 0.4786634460547504 0.476 0.013687600644122383 0.04
0 0.500805152979066 0.48533333333333334 0.017713365539452495 0.037333333333333336
0 0.7991143317230274 0.44 0.0861513687600644 0.06933333333333333
0 0.5700483091787439 0.4653333333333333 0.037037037037037035 0.04533333333333334
0 0.6227858293075684 0.48533333333333334 0.071658615136876 0.09066666666666667
