2 0.6491013071895425 0.5783783783783784 0.041666666666666664 0.22702702702702704
2 0.34967320261437906 0.7027027027027027 0.08660130718954248 0.4486486486486487
3 0.47467320261437906 0.5472972972972973 0.00980392156862745 0.10540540540540541
2 0.44281045751633985 0.5378378378378378 0.027777777777777776 0.10810810810810811
3 0.11070261437908496 0.5675675675675675 0.018790849673202614 0.17297297297297298
3 0.10702614379084967 0.572972972972973 0.024509803921568627 0.14594594594594595
3 0.40604575163398693 0.5351351351351351 0.013071895424836602 0.12432432432432433
3 0.4309640522875817 0.55 0.013888888888888888 0.12162162162162163
0 0.5972222222222222 0.5297297297297298 0.017973856209150325 0.05945945945945946
0 0.5449346405228758 0.5108108108108108 0.00980392156862745 0.03783783783783784
