1 0.07729468599033816 0.6306666666666667 0.15458937198067632 0.312
1 0.10265700483091787 0.624 0.20531400966183574 0.288
1 0.2105475040257649 0.568 0.0861513687600644 0.16
1 0.2580515297906602 0.556 0.11352657004830918 0.14666666666666667
1 0.35507246376811596 0.524 0.040257648953301126 0.09333333333333334
1 0.3691626409017713 0.5146666666666667 0.036231884057971016 0.08
3 0.3188405797101449 0.5506666666666666 0.011272141706924315 0.136
3 0.3164251207729469 0.5666666666666667 0.011272141706924315 0.09866666666666667
0 0.821658615136876 0.468 0.3534621578099839 0.11466666666666667
0 0.39533011272141705 0.5 0.037037037037037035 0.07733333333333334
0 0.4746376811594203 0.4826666666666667 0.015297906602254429 0.042666666666666665
0 0.538647342995169 0.48133333333333334 0.043478260869565216 0.056
