1 0.48752012882447665 0.5786666666666667 0.05555555555555555 0.176
1 0.1956521739130435 0.616 0.20772946859903382 0.368
1 0.3466183574879227 0.5346666666666666 0.03462157809983897 0.06133333333333333
1 0.39049919484702095 0.52 0.01932367149758454 0.042666666666666665
1 0.5217391304347826 0.5013333333333333 0.030595813204508857 0.042666666666666665
3 0.926731078904992 0.5693333333333334 0.033816425120772944 0.27466666666666667
3 0.8977455716586151 0.5773333333333334 0.0322061191626409 0.22666666666666666
3 0.9380032206119162 0.5173333333333333 0.014492753623188406 0.144
0 0.42592592592592593 0.496 0.02254428341384863 0.02666666666666667
0 0.44887278582930756 0.492 0.012077294685990338 0.018666666666666668
