3 0.5623993558776168 0.5013333333333333 0.007246376811594203 0.06933333333333333
1 0.1034621578099839 0.528 0.09742351046698873 0.128
0 0.16666666666666666 0.5226666666666666 0.037037037037037035 0.08
1 0.2105475040257649 0.5413333333333333 0.06521739130434782 0.10666666666666667
1 0.17431561996779388 0.5453333333333333 0.07809983896940419 0.09866666666666667
1 0.3079710144927536 0.5093333333333333 0.039452495974235106 0.07466666666666667
1 0.28180354267310787 0.5093333333333333 0.040257648953301126 0.06933333333333333
1 0.3687600644122383 0.496 0.024154589371980676 0.048
0 0.6336553945249598 0.476 0.12399355877616747 0.06133333333333333
0 0.6541867954911433 0.5413333333333333 0.03140096618357488 0.05333333333333334
0 0.53341384863124 0.48 0.012077294685990338 0.064
0 0.4883252818035427 0.47733333333333333 0.026570048309178744 0.021333333333333333
