1 0.09822866344605476 0.772 0.1964573268921095 0.45066666666666666
1 0.06682769726247988 0.66 0.13365539452495975 0.264
1 0.1751207729468599 0.5866666666666667 0.1215780998389694 0.16533333333333333
1 0.5394524959742351 0.508 0.027375201288244767 0.07733333333333334
1 0.5088566827697263 0.49333333333333335 0.028985507246376812 0.07466666666666667
1 0.5507246376811594 0.492 0.02254428341384863 0.06666666666666667
1 0.7415458937198067 0.45466666666666666 0.06280193236714976 0.07733333333333334
0 0.893719806763285 0.468 0.20933977455716588 0.168
0 0.30475040257648955 0.49866666666666665 0.107085346215781 0.048
0 0.5780998389694042 0.4666666666666667 0.017713365539452495 0.02666666666666667
