1 0.03784219001610306 0.524 0.07568438003220612 0.184
0 0.1034621578099839 0.5306666666666666 0.06038647342995169 0.11733333333333333
1 0.18478260869565216 0.5453333333333333 0.07971014492753623 0.104
1 0.21980676328502416 0.5013333333333333 0.05636070853462158 0.09066666666666667
0 0.25442834138486314 0.5053333333333333 0.024154589371980676 0.06133333333333333
1 0.34581320450885666 0.5026666666666667 0.026570048309178744 0.056
1 0.31561996779388085 0.5093333333333333 0.03542673107890499 0.05333333333333334
0 0.5426731078904992 0.48933333333333334 0.020933977455716585 0.056
0 0.392109500805153 0.49333333333333335 0.043478260869565216 0.042666666666666665
0 0.5970209339774557 0.47733333333333333 0.06843800322061191 0.032
0 0.6239935587761675 0.496 0.020933977455716585 0.032
