1 0.04750402576489533 0.7106666666666667 0.09500805152979067 0.3973333333333333
1 0.10789049919484701 0.6146666666666667 0.21578099838969403 0.27466666666666667
1 0.16183574879227053 0.6 0.1706924315619968 0.24
1 0.24436392914653784 0.5613333333333334 0.07648953301127215 0.14133333333333334
1 0.28381642512077293 0.5466666666666666 0.10064412238325282 0.128
1 0.3675523349436393 0.5213333333333333 0.036231884057971016 0.088
1 0.37922705314009664 0.5173333333333333 0.033816425120772944 0.07466666666666667
0 0.8321256038647343 0.4786666666666667 0.3309178743961353 0.17333333333333334
0 0.40418679549114334 0.5026666666666667 0.030595813204508857 0.050666666666666665
0 0.539049919484702 0.49333333333333335 0.04589371980676329 0.07466666666666667
0 0.4810789049919485 0.488 0.023349436392914653 0.042666666666666665
