1 0.7073268921095008 0.7053333333333334 0.21658615136876005 0.44
1 0.3188405797101449 0.6333333333333333 0.10789049919484701 0.22133333333333333
1 0.573268921095008 0.5613333333333334 0.06602254428341385 0.168
1 0.37721417069243157 0.5586666666666666 0.06360708534621579 0.152
1 0.41264090177133655 0.5293333333333333 0.033011272141706925 0.088
2 0.46215780998389694 0.49733333333333335 0.00644122383252818 0.056
2 0.47020933977455714 0.49733333333333335 0.00644122383252818 0.050666666666666665
1 0.535024154589372 0.516 0.03462157809983897 0.09333333333333334
0 0.5044283413848631 0.488 0.0249597423510467 0.064
0 0.44082125603864736 0.5026666666666667 0.0249597423510467 0.072
