1 0.8981481481481481 0.7413333333333333 0.20209339774557167 0.512
1 0.03985507246376811 0.7213333333333334 0.07971014492753623 0.47733333333333333
1 0.8466183574879227 0.7293333333333333 0.30515297906602257 0.456
1 0.06924315619967794 0.6346666666666667 0.13848631239935588 0.35733333333333334
1 0.10104669887278583 0.6 0.20209339774557167 0.31466666666666665
1 0.16223832528180354 0.5613333333333334 0.18115942028985507 0.2853333333333333
1 0.2105475040257649 0.536 0.1280193236714976 0.18133333333333335
1 0.39049919484702095 0.5093333333333333 0.033816425120772944 0.07466666666666667
0 0.321658615136876 0.488 0.033011272141706925 0.042666666666666665
0 0.3711755233494364 0.48933333333333334 0.02254428341384863 0.04
