1 0.6839774557165862 0.5426666666666666 0.22946859903381642 0.6693333333333333
1 0.09903381642512077 0.6493333333333333 0.19806763285024154 0.34933333333333333
1 0.17713365539452497 0.604 0.23671497584541062 0.2906666666666667
1 0.22826086956521738 0.5906666666666667 0.2037037037037037 0.22133333333333333
1 0.3148148148148148 0.556 0.13687600644122383 0.15733333333333333
1 0.3723832528180354 0.524 0.09259259259259259 0.104
1 0.3711755233494364 0.488 0.11272141706924316 0.18133333333333335
1 0.5471014492753623 0.536 0.0426731078904992 0.10666666666666667
0 0.43478260869565216 0.48933333333333334 0.033816425120772944 0.056
0 0.47906602254428343 0.4786666666666667 0.02576489533011272 0.04
0 0.5048309178743962 0.484 0.020933977455716585 0.04533333333333334
