3 0.5583735909822867 0.49866666666666665 0.005636070853462158 0.064
1 0.14371980676328502 0.5213333333333333 0.08132045088566828 0.11466666666666667
0 0.19766505636070852 0.512 0.03140096618357488 0.07466666666666667
1 0.26529790660225444 0.524 0.04750402576489533 0.08266666666666667
1 0.23107890499194847 0.528 0.057971014492753624 0.08
1 0.3333333333333333 0.5093333333333333 0.033816425120772944 0.064
1 0.30958132045088566 0.5053333333333333 0.033011272141706925 0.06133333333333333
0 0.3788244766505636 0.49333333333333335 0.023349436392914653 0.048
0 0.533011272141707 0.48533333333333334 0.00966183574879227 0.05333333333333334
0 0.6082930756843801 0.4826666666666667 0.08132045088566828 0.048
