1 0.961755233494364 0.568 0.0748792270531401 0.336
1 0.10185185185185185 0.66 0.2037037037037037 0.49866666666666665
1 0.23067632850241546 0.564 0.19887278582930756 0.25866666666666666
1 0.2632850241545894 0.5693333333333334 0.17552334943639292 0.184
1 0.13003220611916264 0.6186666666666667 0.26006441223832527 0.2986666666666667
1 0.39371980676328505 0.5106666666666667 0.0853462157809984 0.088
1 0.9070048309178744 0.5306666666666666 0.1473429951690821 0.192
1 0.5865539452495975 0.5173333333333333 0.09259259259259259 0.10666666666666667
1 0.5764895330112721 0.504 0.08695652173913043 0.112
0 0.8152173913043478 0.49866666666666665 0.0426731078904992 0.10133333333333333
0 0.49476650563607083 0.4866666666666667 0.012077294685990338 0.088
