1 0.050724637681159424 0.5186666666666667 0.10144927536231885 0.17866666666666667
0 0.12640901771336555 0.5253333333333333 0.05475040257648953 0.112
1 0.21497584541062803 0.5373333333333333 0.06924315619967794 0.09333333333333334
1 0.2318840579710145 0.496 0.05314009661835749 0.08533333333333333
0 0.2632850241545894 0.5013333333333333 0.02254428341384863 0.058666666666666666
1 0.355877616747182 0.49866666666666665 0.024154589371980676 0.05333333333333334
1 0.32689210950080516 0.504 0.0322061191626409 0.048
0 0.5426731078904992 0.48533333333333334 0.01932367149758454 0.048
0 0.3961352657004831 0.49066666666666664 0.04508856682769726 0.048
0 0.5869565217391305 0.4693333333333333 0.057971014492753624 0.016
0 0.6239935587761675 0.48933333333333334 0.033816425120772944 0.034666666666666665
0 0.49355877616747185 0.4786666666666667 0.017713365539452495 0.024
