1 0.48752012882447665 0.49733333333333335 0.021739130434782608 0.072
1 0.3027375201288245 0.6973333333333334 0.18357487922705315 0.43466666666666665
1 0.037037037037037035 0.6386666666666667 0.07407407407407407 0.23733333333333334
2 0.5938003220611916 0.5386666666666666 0.06360708534621579 0.22933333333333333
3 0.5768921095008052 0.5386666666666666 0.015297906602254429 0.18666666666666668
3 0.5547504025764896 0.5386666666666666 0.014492753623188406 0.16
3 0.2898550724637681 0.56 0.01288244766505636 0.192
2 0.5857487922705314 0.52 0.05233494363929147 0.192
0 0.19162640901771336 0.5333333333333333 0.01610305958132045 0.10133333333333333
0 0.42954911433172305 0.488 0.02818035426731079 0.042666666666666665
