1 0.04669887278582931 0.6853333333333333 0.09339774557165861 0.5066666666666667
1 0.3083735909822866 0.532 0.09178743961352658 0.11466666666666667
2 0.8590982286634461 0.5106666666666667 0.06924315619967794 0.25866666666666666
2 0.7628824476650563 0.49866666666666665 0.036231884057971016 0.18133333333333335
2 0.7246376811594203 0.49866666666666665 0.017713365539452495 0.13866666666666666
1 0.6992753623188406 0.45466666666666666 0.018518518518518517 0.050666666666666665
0 0.44847020933977455 0.464 0.027375201288244767 0.032
0 0.4859098228663446 0.4746666666666667 0.012077294685990338 0.048
0 0.6312399355877617 0.452 0.10144927536231885 0.050666666666666665
0 0.8027375201288245 0.4266666666666667 0.033816425120772944 0.05333333333333334
0 0.3417874396135266 0.5173333333333333 0.0571658615136876 0.064
