2 0.6482843137254902 0.5648648648648649 0.02696078431372549 0.22702702702702704
2 0.24918300653594772 0.727027027027027 0.1454248366013072 0.5405405405405406
3 0.46282679738562094 0.5378378378378378 0.013888888888888888 0.10810810810810811
2 0.4293300653594771 0.5378378378378378 0.02696078431372549 0.10810810810810811
3 0.04370915032679738 0.5608108108108109 0.025326797385620915 0.1918918918918919
3 0.3839869281045752 0.5256756756756756 0.016339869281045753 0.13243243243243244
3 0.41217320261437906 0.5459459459459459 0.015522875816993464 0.12972972972972974
0 0.5800653594771242 0.5202702702702703 0.016339869281045753 0.06756756756756757
0 0.6160130718954249 0.5202702702702703 0.016339869281045753 0.08378378378378379
0 0.5089869281045751 0.5094594594594595 0.004901960784313725 0.05675675675675676
0 0.5281862745098039 0.4972972972972973 0.012254901960784314 0.043243243243243246
