1 0.4887278582930757 0.5 0.01932367149758454 0.06133333333333333
1 0.6618357487922706 0.6826666666666666 0.15136876006441224 0.3466666666666667
1 0.6078904991948471 0.592 0.09500805152979067 0.224
1 0.4577294685990338 0.5026666666666667 0.018518518518518517 0.050666666666666665
1 0.5615942028985508 0.5386666666666666 0.04589371980676329 0.12266666666666666
1 0.5458937198067633 0.5213333333333333 0.04186795491143317 0.11466666666666667
1 0.32608695652173914 0.5186666666666667 0.043478260869565216 0.050666666666666665
3 0.5793075684380032 0.496 0.008856682769726247 0.112
0 0.3756038647342995 0.5066666666666667 0.036231884057971016 0.058666666666666666
0 0.5177133655394525 0.49866666666666665 0.0322061191626409 0.09066666666666667
