1 0.0821256038647343 0.7306666666666667 0.1642512077294686 0.5066666666666667
1 0.12439613526570048 0.6413333333333333 0.24879227053140096 0.38666666666666666
1 0.1706924315619968 0.6146666666666667 0.18518518518518517 0.2693333333333333
1 0.2693236714975845 0.5573333333333333 0.15861513687600645 0.18666666666666668
1 0.32367149758454106 0.528 0.1143317230273752 0.176
1 0.5821256038647343 0.5733333333333334 0.06924315619967794 0.17066666666666666
1 0.7995169082125604 0.7533333333333333 0.322061191626409 0.488
1 0.5462962962962963 0.5253333333333333 0.04106280193236715 0.11733333333333333
1 0.3643317230273752 0.5266666666666666 0.09098228663446055 0.10933333333333334
0 0.4355877616747182 0.49066666666666664 0.08051529790660225 0.06933333333333333
0 0.5056360708534622 0.496 0.04508856682769726 0.08533333333333333
