1 0.09098228663446055 0.6746666666666666 0.1819645732689211 0.26666666666666666
1 0.13768115942028986 0.6146666666666667 0.19001610305958133 0.25333333333333335
1 0.20531400966183574 0.604 0.1610305958132045 0.2
1 0.26570048309178745 0.5706666666666667 0.12077294685990338 0.16
1 0.321256038647343 0.5493333333333333 0.05475040257648953 0.10133333333333333
1 0.34581320450885666 0.5413333333333333 0.07326892109500806 0.096
1 0.3997584541062802 0.5266666666666666 0.02818035426731079 0.072
0 0.82085346215781 0.48933333333333334 0.35507246376811596 0.17333333333333334
0 0.4174718196457327 0.5093333333333333 0.04428341384863124 0.042666666666666665
0 0.5024154589371981 0.49866666666666665 0.01932367149758454 0.032
0 0.5434782608695652 0.5013333333333333 0.037037037037037035 0.058666666666666666
