1 0.4943639291465378 0.5 0.02254428341384863 0.072
1 0.1356682769726248 0.748 0.2713365539452496 0.49866666666666665
2 0.6984702093397746 0.5946666666666667 0.13123993558776167 0.4533333333333333
3 0.6477455716586151 0.5893333333333334 0.02818035426731079 0.33066666666666666
3 0.607085346215781 0.5813333333333334 0.02576489533011272 0.256
3 0.1501610305958132 0.6346666666666667 0.03140096618357488 0.336
1 0.1356682769726248 0.6266666666666667 0.13768115942028986 0.192
1 0.3470209339774557 0.532 0.03864734299516908 0.072
2 0.6557971014492754 0.556 0.09098228663446055 0.328
0 0.427536231884058 0.492 0.04186795491143317 0.04
0 0.5644122383252818 0.48133333333333334 0.011272141706924315 0.056
