2 0.9114331723027376 0.6853333333333333 0.10466988727858294 0.624
3 0.6610305958132046 0.5746666666666667 0.0322061191626409 0.34933333333333333
3 0.8977455716586151 0.608 0.03542673107890499 0.35733333333333334
3 0.15539452495974235 0.576 0.028985507246376812 0.2613333333333333
3 0.2177938808373591 0.5693333333333334 0.03140096618357488 0.27466666666666667
4 0.12359098228663445 0.5866666666666667 0.03784219001610306 0.128
2 0.3864734299516908 0.52 0.028985507246376812 0.15466666666666667
1 0.45088566827697263 0.4786666666666667 0.05475040257648953 0.14133333333333334
3 0.6666666666666666 0.552 0.040257648953301126 0.288
2 0.48752012882447665 0.5053333333333333 0.033011272141706925 0.10933333333333334
0 0.715378421900161 0.5626666666666666 0.061996779388083734 0.224
0 0.3413848631239936 0.484 0.0499194847020934 0.09866666666666667
0 0.40177133655394526 0.492 0.037037037037037035 0.07733333333333334
0 0.29830917874396135 0.5213333333333333 0.018518518518518517 0.104
