1 0.0426731078904992 0.6506666666666666 0.0853462157809984 0.26666666666666666
1 0.1111111111111111 0.6053333333333333 0.1996779388083736 0.23466666666666666
1 0.3075684380032206 0.536 0.05636070853462158 0.12266666666666666
1 0.32930756843800324 0.524 0.0499194847020934 0.09866666666666667
1 0.35507246376811596 0.52 0.037037037037037035 0.07466666666666667
1 0.36996779388083734 0.5013333333333333 0.04106280193236715 0.064
1 0.534621578099839 0.488 0.01932367149758454 0.05333333333333334
3 0.2177938808373591 0.5866666666666667 0.020128824476650563 0.208
3 0.21900161030595813 0.6173333333333333 0.014492753623188406 0.14666666666666667
0 0.8264895330112721 0.4693333333333333 0.3438003220611916 0.18133333333333335
0 0.2822061191626409 0.5213333333333333 0.05233494363929147 0.09333333333333334
0 0.4500805152979066 0.49066666666666664 0.024154589371980676 0.037333333333333336
0 0.5539452495974235 0.468 0.020933977455716585 0.04533333333333334
