2 0.8966503267973857 0.6256756756756757 0.041666666666666664 0.2891891891891892
3 0.0727124183006536 0.6864864864864865 0.10947712418300654 0.6216216216216216
2 0.6462418300653595 0.668918918918919 0.07516339869281045 0.37567567567567567
2 0.7798202614379085 0.5945945945945946 0.03022875816993464 0.17297297297297298
3 0.4505718954248366 0.527027027027027 0.010620915032679739 0.11891891891891893
3 0.4644607843137255 0.5283783783783784 0.012254901960784314 0.1
2 0.6907679738562091 0.5554054054054054 0.031862745098039214 0.11081081081081082
3 0.7430555555555556 0.5459459459459459 0.013888888888888888 0.10810810810810811
3 0.764297385620915 0.572972972972973 0.013888888888888888 0.10810810810810811
0 0.14460784313725492 0.4891891891891892 0.04084967320261438 0.08648648648648649
0 0.8092320261437909 0.5662162162162162 0.022058823529411766 0.1
0 0.568218954248366 0.5445945945945946 0.015522875816993464 0.10540540540540541
