1 0.8490338164251208 0.724 0.3003220611916264 0.5466666666666666
1 0.6871980676328503 0.6386666666666667 0.17149758454106281 0.344
1 0.6026570048309179 0.5666666666666667 0.071658615136876 0.18933333333333333
1 0.31602254428341386 0.5946666666666667 0.07648953301127215 0.16533333333333333
1 0.4057971014492754 0.5306666666666666 0.027375201288244767 0.06933333333333333
1 0.5269726247987118 0.504 0.0249597423510467 0.064
1 0.41586151368760066 0.5226666666666666 0.0249597423510467 0.058666666666666666
0 0.43478260869565216 0.5026666666666667 0.024154589371980676 0.056
0 0.4533011272141707 0.49066666666666664 0.020933977455716585 0.037333333333333336
0 0.4758454106280193 0.49466666666666664 0.02576489533011272 0.04
0 0.500805152979066 0.47733333333333333 0.017713365539452495 0.037333333333333336
0 0.5442834138486312 0.4693333333333333 0.02576489533011272 0.042666666666666665
