1 0.8659420289855072 0.7386666666666667 0.2665056360708535 0.5173333333333333
1 0.03784219001610306 0.8 0.07568438003220612 0.39466666666666667
1 0.21578099838969403 0.6226666666666667 0.15619967793880837 0.296
1 0.43196457326892107 0.5146666666666667 0.03462157809983897 0.07466666666666667
1 0.30112721417069244 0.5693333333333334 0.08695652173913043 0.17333333333333334
1 0.3647342995169082 0.54 0.04669887278582931 0.09866666666666667
1 0.5189210950080515 0.49333333333333335 0.020128824476650563 0.058666666666666666
1 0.5938003220611916 0.4746666666666667 0.06360708534621579 0.064
1 0.7246376811594203 0.43733333333333335 0.061191626409017714 0.07466666666666667
0 0.9146537842190016 0.468 0.16586151368760063 0.13066666666666665
0 0.4746376811594203 0.4706666666666667 0.010466988727858293 0.034666666666666665
0 0.4061996779388084 0.5093333333333333 0.02818035426731079 0.06933333333333333
0 0.6582125603864735 0.44533333333333336 0.05394524959742351 0.058666666666666666
0 0.5539452495974235 0.468 0.04508856682769726 0.056
