1 0.05032206119162641 0.6733333333333333 0.10064412238325282 0.312
1 0.27012882447665054 0.56 0.071658615136876 0.14933333333333335
1 0.43760064412238325 0.49733333333333335 0.0249597423510467 0.056
1 0.3023349436392915 0.5346666666666666 0.061996779388083734 0.11466666666666667
1 0.3353462157809984 0.528 0.04428341384863124 0.08533333333333333
1 0.35628019323671495 0.512 0.04589371980676329 0.07466666666666667
1 0.5370370370370371 0.48933333333333334 0.020933977455716585 0.056
3 0.107085346215781 0.6346666666666667 0.037037037037037035 0.288
3 0.10668276972624799 0.668 0.03462157809983897 0.2
0 0.8260869565217391 0.48133333333333334 0.3446054750402576 0.216
0 0.5962157809983897 0.456 0.008856682769726247 0.037333333333333336
0 0.5213365539452496 0.476 0.018518518518518517 0.050666666666666665
