1 0.071658615136876 0.684 0.143317230273752 0.32266666666666666
1 0.11473429951690821 0.6346666666666667 0.22946859903381642 0.256
1 0.29549114331723025 0.5426666666666666 0.11594202898550725 0.15733333333333333
1 0.38727858293075684 0.516 0.05475040257648953 0.072
0 0.19806763285024154 0.5933333333333334 0.07568438003220612 0.17333333333333334
2 0.6940418679549114 0.5026666666666667 0.027375201288244767 0.14666666666666667
2 0.6606280193236715 0.5026666666666667 0.018518518518518517 0.10933333333333334
2 0.6413043478260869 0.49733333333333335 0.015297906602254429 0.09333333333333334
0 0.4967793880837359 0.49066666666666664 0.017713365539452495 0.058666666666666666
0 0.7946859903381642 0.468 0.12560386473429952 0.056
