3 0.5849436392914654 0.52 0.008856682769726247 0.09066666666666667
0 0.04669887278582931 0.5653333333333334 0.06280193236714976 0.11733333333333333
1 0.14814814814814814 0.5746666666666667 0.09822866344605476 0.14666666666666667
1 0.11916264090177134 0.5653333333333334 0.09339774557165861 0.13333333333333333
1 0.3136070853462158 0.5253333333333333 0.039452495974235106 0.06933333333333333
0 0.5394524959742351 0.49333333333333335 0.011272141706924315 0.05333333333333334
0 0.5632045088566827 0.5026666666666667 0.008856682769726247 0.06666666666666667
0 0.6606280193236715 0.49466666666666664 0.13768115942028986 0.050666666666666665
0 0.7419484702093397 0.576 0.11030595813204509 0.12266666666666666
0 0.4822866344605475 0.488 0.017713365539452495 0.021333333333333333
