1 0.946078431372549 0.5635135135135135 0.10620915032679738 0.13783783783783785
1 0.8937908496732027 0.5608108108108109 0.10130718954248366 0.13243243243243244
1 0.8255718954248366 0.5608108108108109 0.09395424836601307 0.14324324324324325
1 0.505718954248366 0.5067567567567568 0.027777777777777776 0.08378378378378379
2 0.9803921568627451 0.6675675675675675 0.03758169934640523 0.4864864864864865
3 0.1548202614379085 0.46621621621621623 0.008986928104575163 0.12702702702702703
3 0.10743464052287582 0.5067567567567568 0.028594771241830064 0.20810810810810812
3 0.07761437908496732 0.49864864864864866 0.029411764705882353 0.20810810810810812
0 0.17892156862745098 0.49324324324324326 0.0196078431372549 0.07297297297297298
0 0.35171568627450983 0.4905405405405405 0.013888888888888888 0.0945945945945946
0 0.44812091503267976 0.46756756756756757 0.012254901960784314 0.02702702702702703
