1 0.05837359098228664 0.788 0.11674718196457327 0.4186666666666667
1 0.3643317230273752 0.5546666666666666 0.04589371980676329 0.10666666666666667
1 0.5430756843800322 0.512 0.03784219001610306 0.096
1 0.38446054750402575 0.5386666666666666 0.039452495974235106 0.08533333333333333
1 0.40660225442834136 0.5186666666666667 0.030595813204508857 0.08266666666666667
1 0.07648953301127215 0.5906666666666667 0.07407407407407407 0.088
1 0.11594202898550725 0.5813333333333334 0.06602254428341385 0.08533333333333333
1 0.15177133655394526 0.5733333333333334 0.07004830917874397 0.09066666666666667
1 0.19444444444444445 0.5773333333333334 0.061996779388083734 0.09333333333333334
0 0.4500805152979066 0.504 0.05314009661835749 0.064
0 0.4859098228663446 0.47333333333333333 0.007246376811594203 0.034666666666666665
0 0.5148953301127214 0.4866666666666667 0.0426731078904992 0.056
0 0.606280193236715 0.448 0.037037037037037035 0.042666666666666665
0 0.6759259259259259 0.4493333333333333 0.02818035426731079 0.050666666666666665
0 0.823268921095008 0.408 0.050724637681159424 0.09066666666666667
0 0.927536231884058 0.412 0.0644122383252818 0.08266666666666667
