1 0.6622383252818036 0.6613333333333333 0.15539452495974235 0.304
1 0.0680354267310789 0.7373333333333333 0.1360708534621578 0.504
1 0.10185185185185185 0.62 0.2037037037037037 0.4026666666666667
1 0.5479066022544283 0.524 0.04428341384863124 0.12
1 0.3421900161030596 0.5306666666666666 0.09339774557165861 0.12266666666666666
3 0.2322866344605475 0.504 0.012077294685990338 0.13333333333333333
0 0.3494363929146538 0.58 0.06280193236714976 0.12
0 0.3305152979066023 0.5906666666666667 0.036231884057971016 0.152
0 0.357487922705314 0.5693333333333334 0.05475040257648953 0.12
0 0.41505636070853463 0.5 0.11513687600644122 0.09333333333333334
0 0.5112721417069244 0.488 0.037037037037037035 0.064
