1 0.24677938808373592 0.6306666666666667 0.11674718196457327 0.22133333333333333
1 0.5873590982286635 0.5573333333333333 0.0748792270531401 0.176
1 0.3176328502415459 0.5866666666666667 0.07809983896940419 0.14933333333333335
1 0.3691626409017713 0.5413333333333333 0.050724637681159424 0.128
1 0.3892914653784219 0.5293333333333333 0.039452495974235106 0.09333333333333334
1 0.9706119162640902 0.43066666666666664 0.0571658615136876 0.16266666666666665
0 0.44082125603864736 0.5066666666666667 0.06521739130434782 0.064
0 0.48470209339774556 0.4746666666666667 0.00966183574879227 0.032
0 0.5161030595813204 0.488 0.01610305958132045 0.042666666666666665
0 0.6010466988727858 0.4746666666666667 0.14090177133655393 0.064
0 0.042270531400966184 0.5866666666666667 0.08454106280193237 0.10133333333333333
