1 0.15217391304347827 0.7733333333333333 0.30434782608695654 0.448
1 0.055152979066022546 0.768 0.11030595813204509 0.4266666666666667
1 0.5446859903381642 0.5306666666666666 0.0426731078904992 0.112
1 0.32045088566827695 0.6186666666666667 0.1111111111111111 0.23466666666666666
1 0.7105475040257649 0.5106666666666667 0.14412238325281804 0.14133333333333334
1 0.6835748792270532 0.488 0.11755233494363929 0.16
1 0.40136876006441224 0.524 0.029790660225442835 0.072
1 0.9110305958132046 0.428 0.1215780998389694 0.136
0 0.6364734299516909 0.492 0.08454106280193237 0.104
0 0.8361513687600645 0.44 0.0748792270531401 0.07466666666666667
0 0.43478260869565216 0.496 0.037037037037037035 0.048
0 0.48148148148148145 0.48133333333333334 0.01288244766505636 0.04
0 0.5040257648953301 0.488 0.020933977455716585 0.042666666666666665
0 0.5736714975845411 0.472 0.04106280193236715 0.05333333333333334
