3 0.5775444264943457 0.6925133689839572 0.051696284329563816 0.5401069518716578
3 0.6425686591276252 0.6764705882352942 0.06381260096930533 0.5614973262032086
3 0.1987075928917609 0.6831550802139037 0.07269789983844911 0.5320855614973262
2 0.09652665589660743 0.6778074866310161 0.19305331179321486 0.6390374331550802
3 0.6506462035541195 0.5320855614973262 0.02988691437802908 0.20855614973262032
3 0.6873990306946688 0.5013368983957219 0.01615508885298869 0.15240641711229946
3 0.7277867528271406 0.5601604278074866 0.027463651050080775 0.27540106951871657
1 0.44749596122778673 0.5 0.03877221324717286 0.11764705882352941
0 0.3832794830371567 0.5227272727272727 0.008885298869143781 0.12566844919786097
0 0.48990306946688206 0.4959893048128342 0.020193861066235864 0.08823529411764706
