1 0.4037842190016103 0.4786666666666667 0.0571658615136876 0.07733333333333334
1 0.32085346215780997 0.54 0.107085346215781 0.12
1 0.5462962962962963 0.5426666666666666 0.05877616747181964 0.15733333333333333
1 0.39492753623188404 0.576 0.06360708534621579 0.16
1 0.11634460547504026 0.656 0.23268921095008052 0.336
1 0.0680354267310789 0.724 0.1360708534621578 0.4666666666666667
1 0.8381642512077294 0.7893333333333333 0.322061191626409 0.416
0 0.500402576489533 0.49066666666666664 0.020128824476650563 0.048
0 0.47061191626409016 0.47333333333333333 0.010466988727858293 0.029333333333333333
0 0.43438003220611915 0.476 0.03462157809983897 0.04
