1 0.8168276972624798 0.7346666666666667 0.35185185185185186 0.5253333333333333
1 0.10144927536231885 0.7773333333333333 0.2028985507246377 0.44
1 0.2773752012882448 0.5906666666666667 0.10869565217391304 0.22666666666666666
1 0.4428341384863124 0.5106666666666667 0.028985507246376812 0.06666666666666667
1 0.3333333333333333 0.5533333333333333 0.06924315619967794 0.14666666666666667
1 0.3812399355877617 0.5306666666666666 0.04106280193236715 0.08533333333333333
1 0.5209339774557166 0.492 0.01932367149758454 0.056
1 0.5905797101449275 0.476 0.05877616747181964 0.06133333333333333
1 0.715780998389694 0.44133333333333336 0.057971014492753624 0.072
0 0.41505636070853463 0.5106666666666667 0.023349436392914653 0.056
0 0.4806763285024155 0.476 0.00966183574879227 0.029333333333333333
0 0.5020128824476651 0.476 0.015297906602254429 0.034666666666666665
0 0.5555555555555556 0.4666666666666667 0.040257648953301126 0.048
0 0.8482286634460547 0.4786666666666667 0.10869565217391304 0.10933333333333334
