1 0.0861513687600644 0.7573333333333333 0.1723027375201288 0.48
1 0.6372785829307569 0.6306666666666667 0.1247987117552335 0.25333333333333335
1 0.10547504025764895 0.676 0.2109500805152979 0.38666666666666666
1 0.143317230273752 0.5933333333333334 0.2222222222222222 0.328
1 0.5466988727858293 0.52 0.04186795491143317 0.112
1 0.35466988727858295 0.528 0.0861513687600644 0.112
3 0.25523349436392917 0.49866666666666665 0.011272141706924315 0.12266666666666666
0 0.3647342995169082 0.5653333333333334 0.05636070853462158 0.10666666666666667
0 0.36996779388083734 0.5613333333333334 0.04911433172302738 0.10933333333333334
0 0.42310789049919484 0.504 0.11191626409017713 0.08533333333333333
0 0.5088566827697263 0.492 0.04669887278582931 0.06666666666666667
