1 0.8119967793880838 0.7373333333333333 0.3325281803542673 0.52
1 0.6348631239935588 0.5906666666666667 0.09903381642512077 0.248
1 0.2805958132045089 0.6133333333333333 0.09903381642512077 0.20266666666666666
1 0.39855072463768115 0.5306666666666666 0.030595813204508857 0.07466666666666667
1 0.5297906602254429 0.49733333333333335 0.027375201288244767 0.072
1 0.4106280193236715 0.5213333333333333 0.027375201288244767 0.06133333333333333
0 0.4363929146537842 0.504 0.030595813204508857 0.058666666666666666
0 0.47624798711755234 0.488 0.0426731078904992 0.042666666666666665
0 0.5064412238325282 0.47733333333333333 0.00966183574879227 0.032
0 0.5499194847020934 0.4573333333333333 0.03542673107890499 0.04533333333333334
0 0.644122383252818 0.45066666666666666 0.01932367149758454 0.048
