1 0.06561996779388084 0.5213333333333333 0.11835748792270531 0.168
0 0.1461352657004831 0.5213333333333333 0.050724637681159424 0.104
1 0.24033816425120774 0.5306666666666666 0.06038647342995169 0.08533333333333333
1 0.24194847020933977 0.49733333333333335 0.050724637681159424 0.08266666666666667
0 0.2717391304347826 0.5 0.021739130434782608 0.056
1 0.3643317230273752 0.496 0.023349436392914653 0.048
1 0.3361513687600644 0.5013333333333333 0.029790660225442835 0.048
0 0.391304347826087 0.492 0.01932367149758454 0.04
0 0.4138486312399356 0.488 0.014492753623188406 0.032
0 0.4585346215780998 0.484 0.007246376811594203 0.024
0 0.6034621578099839 0.48133333333333334 0.0893719806763285 0.04533333333333334
0 0.4919484702093398 0.48 0.014492753623188406 0.016
