3 0.5173667205169629 0.6377005347593583 0.0444264943457189 0.4144385026737968
3 0.568659127625202 0.6189839572192514 0.05331179321486268 0.4197860962566845
3 0.1983037156704362 0.6497326203208557 0.06865912762520193 0.44919786096256686
2 0.15953150242326333 0.7005347593582888 0.18982229402261713 0.5935828877005348
2 0.34248788368336025 0.6229946524064172 0.07108239095315025 0.34759358288770054
2 0.36348949919224555 0.5641711229946524 0.03715670436187399 0.25133689839572193
3 0.6029886914378029 0.5320855614973262 0.018578352180936994 0.18716577540106952
1 0.4034733441033926 0.49866310160427807 0.034733441033925685 0.10427807486631016
0 0.4458804523424879 0.4839572192513369 0.017770597738287562 0.053475935828877004
0 0.30210016155088854 0.5213903743315508 0.012924071082390954 0.0962566844919786
0 0.03594507269789984 0.5909090909090909 0.04119547657512116 0.2192513368983957
