1 0.03180354267310789 0.7453333333333333 0.06360708534621579 0.36533333333333334
1 0.07125603864734299 0.6426666666666667 0.14251207729468598 0.3413333333333333
1 0.12278582930756844 0.624 0.21497584541062803 0.256
1 0.21739130434782608 0.5773333333333334 0.14653784219001612 0.19466666666666665
1 0.2942834138486312 0.54 0.061996779388083734 0.11466666666666667
1 0.32407407407407407 0.528 0.08293075684380032 0.10666666666666667
1 0.38768115942028986 0.5106666666666667 0.03140096618357488 0.07733333333333334
0 0.8188405797101449 0.49066666666666664 0.35909822866344604 0.16
0 0.49476650563607083 0.48 0.016908212560386472 0.037333333333333336
0 0.4170692431561997 0.49866666666666665 0.024154589371980676 0.058666666666666666
0 0.535024154589372 0.48 0.021739130434782608 0.064
0 0.5563607085346216 0.4706666666666667 0.011272141706924315 0.034666666666666665
