1 0.07125603864734299 0.7706666666666667 0.14251207729468598 0.4533333333333333
1 0.1292270531400966 0.6933333333333334 0.2584541062801932 0.3626666666666667
1 0.15056360708534622 0.6466666666666666 0.2608695652173913 0.25866666666666666
1 0.22987117552334943 0.6026666666666667 0.16022544283413848 0.224
1 0.6384863123993558 0.6253333333333333 0.1320450885668277 0.2853333333333333
1 0.34822866344605474 0.54 0.10225442834138486 0.13066666666666665
1 0.5603864734299517 0.5186666666666667 0.04186795491143317 0.10933333333333334
1 0.3675523349436393 0.5253333333333333 0.08454106280193237 0.096
1 0.3896940418679549 0.5106666666666667 0.06280193236714976 0.08266666666666667
1 0.5257648953301127 0.4613333333333333 0.017713365539452495 0.064
0 0.4472624798711755 0.4866666666666667 0.08132045088566828 0.07733333333333334
0 0.499597423510467 0.4613333333333333 0.012077294685990338 0.02666666666666667
