1 0.16465378421900162 0.768 0.32930756843800324 0.45866666666666667
1 0.8156199677938808 0.6866666666666666 0.3671497584541063 0.6213333333333333
1 0.6690821256038647 0.696 0.1706924315619968 0.39466666666666667
0 0.3534621578099839 0.66 0.08051529790660225 0.17333333333333334
1 0.38768115942028986 0.5946666666666667 0.071658615136876 0.176
1 0.5877616747181964 0.616 0.10144927536231885 0.224
1 0.4396135265700483 0.524 0.02576489533011272 0.072
1 0.5177133655394525 0.516 0.024154589371980676 0.06666666666666667
0 0.46256038647342995 0.5 0.029790660225442835 0.04533333333333334
0 0.499597423510467 0.49466666666666664 0.029790660225442835 0.04533333333333334
