1 0.7020933977455717 0.6746666666666666 0.1610305958132045 0.31466666666666665
1 0.6328502415458938 0.6013333333333334 0.08695652173913043 0.20533333333333334
1 0.4029790660225443 0.5666666666666667 0.05555555555555555 0.12533333333333332
1 0.9082125603864735 0.5626666666666666 0.1819645732689211 0.20266666666666666
1 0.42351046698872785 0.552 0.04508856682769726 0.10666666666666667
1 0.9685990338164251 0.584 0.061191626409017714 0.24
1 0.570450885668277 0.5173333333333333 0.0249597423510467 0.08
1 0.2246376811594203 0.5493333333333333 0.09339774557165861 0.096
0 0.4561191626409018 0.536 0.020128824476650563 0.064
0 0.5076489533011272 0.5133333333333333 0.04428341384863124 0.050666666666666665
0 0.30515297906602257 0.5226666666666666 0.05636070853462158 0.06933333333333333
0 0.5366344605475041 0.48933333333333334 0.012077294685990338 0.029333333333333333
