1 0.17914653784219 0.68 0.1682769726247987 0.29333333333333333
1 0.6115136876006442 0.5746666666666667 0.09742351046698873 0.22133333333333333
1 0.28703703703703703 0.6026666666666667 0.09903381642512077 0.18133333333333335
1 0.35507246376811596 0.5466666666666666 0.05958132045088567 0.144
1 0.3804347826086957 0.5373333333333333 0.04428341384863124 0.104
1 0.5209339774557166 0.49333333333333335 0.01610305958132045 0.048
0 0.44806763285024154 0.49733333333333335 0.05233494363929147 0.056
0 0.4867149758454106 0.47733333333333333 0.010466988727858293 0.037333333333333336
0 0.41223832528180354 0.5133333333333333 0.020933977455716585 0.056
0 0.57085346215781 0.47333333333333333 0.06763285024154589 0.050666666666666665
0 0.6835748792270532 0.4573333333333333 0.0821256038647343 0.08266666666666667
