2 0.6912238325281803 0.528 0.036231884057971016 0.21866666666666668
3 0.7105475040257649 0.516 0.020128824476650563 0.16266666666666665
3 0.7326892109500805 0.5146666666666667 0.017713365539452495 0.16533333333333333
0 0.7262479871175523 0.5466666666666666 0.02254428341384863 0.096
2 0.6123188405797102 0.5013333333333333 0.010466988727858293 0.096
0 0.605475040257649 0.46 0.12077294685990338 0.034666666666666665
0 0.8180354267310789 0.476 0.3607085346215781 0.12
0 0.4665861513687601 0.48 0.012077294685990338 0.02666666666666667
0 0.3961352657004831 0.484 0.017713365539452495 0.024
0 0.49838969404186795 0.4826666666666667 0.020933977455716585 0.02666666666666667
