1 0.40604575163398693 0.5297297297297298 0.05718954248366013 0.13513513513513514
2 0.6625816993464052 0.46756756756756757 0.04084967320261438 0.12432432432432433
2 0.6078431372549019 0.4797297297297297 0.03594771241830065 0.11621621621621622
3 0.42769607843137253 0.4905405405405405 0.012254901960784314 0.11621621621621622
2 0.5187908496732027 0.47162162162162163 0.027777777777777776 0.08378378378378379
3 0.3541666666666667 0.49864864864864866 0.01715686274509804 0.12702702702702703
2 0.27818627450980393 0.5310810810810811 0.041666666666666664 0.13243243243243244
3 0.3402777777777778 0.5054054054054054 0.013888888888888888 0.11891891891891893
1 0.8447712418300654 0.4337837837837838 0.08006535947712418 0.07837837837837838
0 0.7732843137254902 0.46756756756756757 0.06290849673202614 0.07567567567567568
0 0.9889705882352942 0.42702702702702705 0.018790849673202614 0.06486486486486487
0 0.9170751633986928 0.43648648648648647 0.049836601307189546 0.05675675675675676
0 0.24387254901960784 0.5243243243243243 0.012254901960784314 0.0972972972972973
