1 0.21980676328502416 0.5866666666666667 0.13526570048309178 0.16533333333333333
1 0.28180354267310787 0.5546666666666666 0.0998389694041868 0.13866666666666666
1 0.30434782608695654 0.5413333333333333 0.09017713365539452 0.12266666666666666
1 0.3365539452495974 0.524 0.0821256038647343 0.10933333333333334
1 0.3679549114331723 0.5226666666666666 0.0499194847020934 0.08
1 0.3824476650563607 0.516 0.05314009661835749 0.06133333333333333
1 0.40499194847020936 0.504 0.04508856682769726 0.058666666666666666
0 0.10507246376811594 0.5586666666666666 0.04106280193236715 0.19466666666666665
0 0.4444444444444444 0.49066666666666664 0.024154589371980676 0.032
0 0.7910628019323671 0.47733333333333333 0.4146537842190016 0.17066666666666666
0 0.5036231884057971 0.48933333333333334 0.015297906602254429 0.034666666666666665
0 0.5213365539452496 0.4786666666666667 0.013687600644122383 0.034666666666666665
0 0.5418679549114331 0.48133333333333334 0.01288244766505636 0.024
