1 0.16988727858293076 0.676 0.19484702093397746 0.33866666666666667
1 0.8369565217391305 0.7413333333333333 0.3244766505636071 0.512
1 0.6759259259259259 0.66 0.16183574879227053 0.34933333333333333
1 0.2777777777777778 0.612 0.0966183574879227 0.20533333333333334
3 0.643317230273752 0.5053333333333333 0.01610305958132045 0.19466666666666665
3 0.6537842190016103 0.5 0.020933977455716585 0.19466666666666665
1 0.6135265700483091 0.5813333333333334 0.08373590982286634 0.192
1 0.32045088566827695 0.5226666666666666 0.07407407407407407 0.096
0 0.748389694041868 0.47333333333333333 0.0748792270531401 0.08266666666666667
0 0.04468599033816425 0.6253333333333333 0.0893719806763285 0.17866666666666667
