1 0.4891304347826087 0.5013333333333333 0.018518518518518517 0.058666666666666666
1 0.644122383252818 0.656 0.1320450885668277 0.304
1 0.5990338164251208 0.5826666666666667 0.08695652173913043 0.20533333333333334
1 0.45893719806763283 0.5013333333333333 0.017713365539452495 0.048
1 0.5587761674718197 0.536 0.043478260869565216 0.11733333333333333
1 0.5442834138486312 0.5213333333333333 0.040257648953301126 0.10933333333333334
1 0.3289049919484702 0.5173333333333333 0.0426731078904992 0.048
3 0.5744766505636071 0.49866666666666665 0.012077294685990338 0.10666666666666667
0 0.3784219001610306 0.5106666666666667 0.037037037037037035 0.04533333333333334
0 0.4359903381642512 0.49466666666666664 0.021739130434782608 0.034666666666666665
0 0.5173107890499195 0.504 0.02818035426731079 0.064
