1 0.06038647342995169 0.648 0.12077294685990338 0.336
1 0.0889694041867955 0.6346666666666667 0.177938808373591 0.304
1 0.19082125603864733 0.5733333333333334 0.09339774557165861 0.17066666666666666
1 0.24396135265700483 0.5586666666666666 0.12077294685990338 0.152
1 0.3494363929146538 0.524 0.04186795491143317 0.09866666666666667
1 0.3639291465378422 0.5133333333333333 0.03864734299516908 0.08266666666666667
3 0.3079710144927536 0.5533333333333333 0.013687600644122383 0.14133333333333334
3 0.3079710144927536 0.5706666666666667 0.010466988727858293 0.10133333333333333
0 0.392914653784219 0.5053333333333333 0.0322061191626409 0.06666666666666667
0 0.47061191626409016 0.484 0.018518518518518517 0.04533333333333334
0 0.538647342995169 0.4826666666666667 0.04830917874396135 0.058666666666666666
0 0.821658615136876 0.464 0.3534621578099839 0.19733333333333333
