1 0.9199346405228758 0.4527027027027027 0.15849673202614378 0.17027027027027028
1 0.42687908496732024 0.5148648648648648 0.03839869281045752 0.0945945945945946
2 0.5759803921568627 0.4783783783783784 0.029411764705882353 0.0918918918918919
2 0.5257352941176471 0.4905405405405405 0.02696078431372549 0.0891891891891892
2 0.3022875816993464 0.5297297297297298 0.027777777777777776 0.10810810810810811
1 0.7745098039215687 0.4297297297297297 0.06209150326797386 0.06486486486486487
0 0.3680555555555556 0.5121621621621621 0.012254901960784314 0.0945945945945946
0 0.3925653594771242 0.4945945945945946 0.008986928104575163 0.08648648648648649
0 0.46486928104575165 0.48783783783783785 0.02287581699346405 0.07297297297297298
0 0.610702614379085 0.4689189189189189 0.012254901960784314 0.07297297297297298
0 0.7177287581699346 0.45135135135135135 0.05310457516339869 0.05945945945945946
