1 0.8389694041867954 0.672 0.21900161030595813 0.4
1 0.6723027375201288 0.572 0.20128824476650564 0.392
0 0.5583735909822867 0.6573333333333333 0.24235104669887278 0.20533333333333334
1 0.5020128824476651 0.58 0.16344605475040258 0.21066666666666667
1 0.4210950080515298 0.572 0.1111111111111111 0.152
0 0.4384057971014493 0.5826666666666667 0.10064412238325282 0.16266666666666665
0 0.5197262479871175 0.492 0.04589371980676329 0.12533333333333332
1 0.18397745571658616 0.5826666666666667 0.071658615136876 0.12533333333333332
1 0.08252818035426732 0.596 0.05394524959742351 0.136
1 0.06481481481481481 0.5266666666666666 0.071658615136876 0.23733333333333334
