1 0.07528180354267311 0.748 0.15056360708534622 0.49866666666666665
1 0.7991143317230274 0.728 0.321256038647343 0.5386666666666666
1 0.21215780998389694 0.704 0.21014492753623187 0.432
1 0.644524959742351 0.592 0.13446054750402575 0.272
1 0.5809178743961353 0.46 0.09742351046698873 0.31733333333333336
1 0.5503220611916264 0.5 0.0426731078904992 0.136
1 0.5430756843800322 0.5106666666666667 0.039452495974235106 0.104
1 0.5189210950080515 0.49733333333333335 0.026570048309178744 0.072
1 0.41264090177133655 0.516 0.026570048309178744 0.06133333333333333
1 0.500805152979066 0.496 0.030595813204508857 0.06933333333333333
1 0.47665056360708535 0.496 0.02254428341384863 0.048
0 0.392109500805153 0.48933333333333334 0.02576489533011272 0.04
0 0.44605475040257647 0.4866666666666667 0.01288244766505636 0.034666666666666665
