3 0.5411954765751211 0.5414438502673797 0.01938610662358643 0.16844919786096257
3 0.5533117932148627 0.5374331550802139 0.01938610662358643 0.17647058823529413
3 0.40549273021001614 0.5320855614973262 0.022617124394184167 0.18181818181818182
0 0.47778675282714056 0.49866310160427807 0.04281098546042003 0.09358288770053476
0 0.5121163166397416 0.4839572192513369 0.01938610662358643 0.0427807486631016
0 0.7718093699515347 0.7580213903743316 0.16558966074313408 0.4572192513368984
0 0.5848142164781907 0.5200534759358288 0.025848142164781908 0.12032085561497326
0 0.0912762520193861 0.606951871657754 0.09854604200323101 0.19786096256684493
0 0.35581583198707595 0.5254010695187166 0.016962843295638127 0.12566844919786097
0 0.27504038772213246 0.5641711229946524 0.0395799676898223 0.10160427807486631
