1 0.1143317230273752 0.516 0.09822866344605476 0.14666666666666667
0 0.18035426731078905 0.516 0.043478260869565216 0.09333333333333334
1 0.27898550724637683 0.5213333333333333 0.04750402576489533 0.072
1 0.26006441223832527 0.5 0.04669887278582931 0.07733333333333334
0 0.286634460547504 0.49866666666666665 0.01932367149758454 0.05333333333333334
1 0.3784219001610306 0.49333333333333335 0.020933977455716585 0.042666666666666665
1 0.3526570048309179 0.49866666666666665 0.024154589371980676 0.042666666666666665
0 0.539049919484702 0.48133333333333334 0.021739130434782608 0.04533333333333334
0 0.40901771336553944 0.48933333333333334 0.033816425120772944 0.04
0 0.4601449275362319 0.48 0.005636070853462158 0.016
