1 0.5696457326892109 0.5533333333333333 0.07004830917874397 0.184
1 0.24235104669887278 0.5866666666666667 0.1610305958132045 0.20266666666666666
1 0.2757648953301127 0.576 0.16666666666666666 0.18133333333333335
1 0.30636070853462155 0.5706666666666667 0.12640901771336555 0.15466666666666667
1 0.3522544283413849 0.528 0.10547504025764895 0.144
1 0.34017713365539454 0.544 0.0861513687600644 0.13333333333333333
1 0.5402576489533011 0.5333333333333333 0.037037037037037035 0.10133333333333333
3 0.030998389694041867 0.5573333333333333 0.0249597423510467 0.23466666666666666
0 0.18397745571658616 0.7173333333333334 0.13768115942028986 0.256
0 0.0853462157809984 0.788 0.1497584541062802 0.4186666666666667
0 0.22584541062801933 0.6493333333333333 0.11674718196457327 0.23733333333333334
0 0.25966183574879226 0.64 0.09098228663446055 0.20266666666666666
0 0.03784219001610306 0.7533333333333333 0.07568438003220612 0.42933333333333334
0 0.7987117552334944 0.812 0.2560386473429952 0.37066666666666664
0 0.4363929146537842 0.5026666666666667 0.07890499194847021 0.08266666666666667
0 0.5064412238325282 0.504 0.05314009661835749 0.07466666666666667
