1 0.24355877616747182 0.6413333333333333 0.13285024154589373 0.248
1 0.03462157809983897 0.6773333333333333 0.06924315619967794 0.2986666666666667
1 0.11956521739130435 0.6253333333333333 0.15056360708534622 0.21066666666666667
1 0.2210144927536232 0.5733333333333334 0.10064412238325282 0.144
1 0.5418679549114331 0.5053333333333333 0.02576489533011272 0.072
1 0.5144927536231884 0.49066666666666664 0.027375201288244767 0.06933333333333333
0 0.8538647342995169 0.45866666666666667 0.2890499194847021 0.16533333333333333
0 0.5929951690821256 0.4613333333333333 0.02818035426731079 0.042666666666666665
0 0.355877616747182 0.49866666666666665 0.03864734299516908 0.037333333333333336
0 0.463365539452496 0.4826666666666667 0.026570048309178744 0.02666666666666667
