1 0.1139291465378422 0.772 0.2278582930756844 0.45066666666666666
1 0.8808373590982287 0.7453333333333333 0.23671497584541062 0.504
1 0.22987117552334943 0.648 0.2359098228663446 0.576
1 0.7411433172302737 0.728 0.25684380032206117 0.4746666666666667
1 0.6396940418679549 0.5933333333333334 0.07971014492753623 0.22133333333333333
1 0.1215780998389694 0.5053333333333333 0.2431561996779388 0.312
1 0.6489533011272142 0.5306666666666666 0.07890499194847021 0.192
1 0.5036231884057971 0.484 0.029790660225442835 0.104
1 0.712157809983897 0.464 0.1280193236714976 0.16
1 0.40096618357487923 0.512 0.033816425120772944 0.07466666666666667
1 0.35466988727858295 0.49466666666666664 0.0426731078904992 0.104
0 0.45893719806763283 0.48 0.020933977455716585 0.058666666666666666
0 0.5479066022544283 0.4493333333333333 0.023349436392914653 0.06666666666666667
0 0.5970209339774557 0.48533333333333334 0.029790660225442835 0.064
