1 0.07125603864734299 0.7293333333333333 0.14251207729468598 0.536
1 0.8301127214170693 0.49733333333333335 0.13687600644122383 0.22666666666666666
1 0.8921095008051529 0.512 0.11916264090177134 0.15466666666666667
1 0.15579710144927536 0.6373333333333333 0.26006441223832527 0.2826666666666667
1 0.21175523349436393 0.588 0.17713365539452497 0.22666666666666666
1 0.2560386473429952 0.552 0.18840579710144928 0.224
1 0.3361513687600644 0.5253333333333333 0.11674718196457327 0.15466666666666667
1 0.34782608695652173 0.5253333333333333 0.10950080515297907 0.11733333333333333
1 0.5696457326892109 0.5 0.07004830917874397 0.08266666666666667
0 0.42632850241545894 0.4786666666666667 0.061996779388083734 0.06666666666666667
0 0.748792270531401 0.45866666666666667 0.033816425120772944 0.058666666666666666
0 0.7101449275362319 0.456 0.028985507246376812 0.058666666666666666
0 0.5040257648953301 0.4693333333333333 0.008051529790660225 0.06933333333333333
