1 0.21698872785829307 0.6373333333333333 0.15217391304347827 0.2826666666666667
1 0.961352657004831 0.772 0.07568438003220612 0.45066666666666666
1 0.7894524959742351 0.7426666666666667 0.30193236714975846 0.5093333333333333
1 0.29589371980676327 0.5853333333333334 0.10386473429951691 0.2
1 0.6549919484702094 0.6093333333333333 0.1215780998389694 0.264
1 0.4061996779388084 0.49733333333333335 0.04428341384863124 0.06133333333333333
3 0.5458937198067633 0.492 0.01610305958132045 0.08266666666666667
1 0.5511272141706924 0.452 0.06038647342995169 0.104
0 0.49516908212560384 0.48133333333333334 0.03542673107890499 0.04533333333333334
0 0.3538647342995169 0.49333333333333335 0.036231884057971016 0.042666666666666665
