1 0.11553945249597423 0.6533333333333333 0.23107890499194847 0.4106666666666667
1 0.7862318840579711 0.4826666666666667 0.11191626409017713 0.19733333333333333
1 0.8433977455716586 0.49466666666666664 0.09742351046698873 0.136
1 0.21618357487922704 0.5906666666666667 0.20531400966183574 0.22666666666666666
1 0.2536231884057971 0.5586666666666666 0.14492753623188406 0.18933333333333333
1 0.286231884057971 0.528 0.16022544283413848 0.192
1 0.3506441223832528 0.5066666666666667 0.10386473429951691 0.13866666666666666
1 0.3607085346215781 0.504 0.09822866344605476 0.10666666666666667
1 0.5611916264090178 0.468 0.0644122383252818 0.07733333333333334
0 0.42632850241545894 0.4653333333333333 0.061996779388083734 0.072
0 0.500805152979066 0.456 0.011272141706924315 0.07466666666666667
0 0.6698872785829307 0.4493333333333333 0.024154589371980676 0.050666666666666665
