1 0.49557165861513686 0.49733333333333335 0.021739130434782608 0.072
2 0.7455716586151369 0.628 0.1642512077294686 0.5626666666666666
3 0.678341384863124 0.62 0.03784219001610306 0.38666666666666666
3 0.6252012882447665 0.5946666666666667 0.029790660225442835 0.29333333333333333
3 0.09219001610305957 0.6626666666666666 0.04106280193236715 0.392
1 0.07689210950080515 0.664 0.1537842190016103 0.24
1 0.3361513687600644 0.536 0.0426731078904992 0.08
2 0.6831723027375202 0.5706666666666667 0.10547504025764895 0.37866666666666665
0 0.42592592592592593 0.492 0.04186795491143317 0.04533333333333334
0 0.5668276972624798 0.47333333333333333 0.004830917874396135 0.050666666666666665
