1 0.05475040257648953 0.584 0.10950080515297907 0.16
1 0.177938808373591 0.5186666666666667 0.06924315619967794 0.104
0 0.22262479871175522 0.5226666666666666 0.02818035426731079 0.06933333333333333
1 0.3035426731078905 0.5293333333333333 0.037037037037037035 0.072
1 0.2725442834138486 0.5306666666666666 0.04589371980676329 0.06933333333333333
1 0.35507246376811596 0.5146666666666667 0.028985507246376812 0.05333333333333334
1 0.3309178743961353 0.5146666666666667 0.027375201288244767 0.05333333333333334
0 0.391304347826087 0.5066666666666667 0.01610305958132045 0.037333333333333336
0 0.53341384863124 0.5013333333333333 0.008856682769726247 0.048
0 0.5515297906602254 0.512 0.01288244766505636 0.07466666666666667
0 0.6163446054750402 0.49866666666666665 0.11030595813204509 0.05333333333333334
