1 0.13647342995169082 0.7813333333333333 0.27294685990338163 0.432
1 0.02818035426731079 0.792 0.05636070853462158 0.4106666666666667
1 0.5487117552334944 0.536 0.04428341384863124 0.11733333333333333
1 0.3003220611916264 0.652 0.13043478260869565 0.2693333333333333
1 0.7250402576489533 0.516 0.1537842190016103 0.152
1 0.6948470209339774 0.492 0.12399355877616747 0.168
0 0.35185185185185186 0.5666666666666667 0.040257648953301126 0.072
1 0.3691626409017713 0.5426666666666666 0.04428341384863124 0.10933333333333334
1 0.30877616747181963 0.588 0.07648953301127215 0.152
1 0.6469404186795491 0.49333333333333335 0.09420289855072464 0.112
1 0.4001610305958132 0.528 0.030595813204508857 0.07466666666666667
1 0.92914653784219 0.43066666666666664 0.12721417069243157 0.14133333333333334
0 0.43800322061191627 0.5 0.04186795491143317 0.04533333333333334
0 0.4830917874396135 0.4826666666666667 0.00966183574879227 0.02666666666666667
0 0.5088566827697263 0.49466666666666664 0.027375201288244767 0.050666666666666665
0 0.5793075684380032 0.4693333333333333 0.03784219001610306 0.05333333333333334
0 0.8184380032206119 0.45066666666666666 0.08776167471819646 0.096
