3 0.6425686591276252 0.713903743315508 0.07027463651050081 0.5668449197860963
3 0.7039579967689822 0.7018716577540107 0.06381260096930533 0.5909090909090909
3 0.21365105008077545 0.7058823529411765 0.07350565428109855 0.5614973262032086
3 0.6760904684975767 0.5655080213903744 0.027463651050080775 0.22727272727272727
3 0.7479806138933764 0.5254010695187166 0.01615508885298869 0.17914438502673796
3 0.8465266558966075 0.6229946524064172 0.046849757673667204 0.39037433155080214
1 0.4624394184168013 0.5133689839572193 0.04281098546042003 0.12834224598930483
1 0.5109046849757674 0.4946524064171123 0.020193861066235864 0.0748663101604278
0 0.342891760904685 0.570855614973262 0.02665589660743134 0.21122994652406418
0 0.4115508885298869 0.5347593582887701 0.015347334410339256 0.12299465240641712
0 0.8913570274636511 0.5347593582887701 0.03796445880452343 0.17647058823529413
0 0.595718901453958 0.5267379679144385 0.021809369951534735 0.0962566844919786
