2 0.0607890499194847 0.6306666666666667 0.1215780998389694 0.7333333333333333
3 0.4227053140096618 0.5533333333333333 0.01610305958132045 0.168
3 0.40499194847020936 0.5453333333333333 0.017713365539452495 0.17866666666666667
3 0.7701288244766505 0.5653333333333334 0.04428341384863124 0.2613333333333333
3 0.5265700483091788 0.5133333333333333 0.014492753623188406 0.13066666666666665
3 0.5442834138486312 0.5133333333333333 0.01610305958132045 0.13066666666666665
0 0.37278582930756843 0.5146666666666667 0.017713365539452495 0.12266666666666666
0 0.4774557165861514 0.49066666666666664 0.00966183574879227 0.037333333333333336
0 0.6018518518518519 0.48933333333333334 0.008856682769726247 0.08266666666666667
0 0.57085346215781 0.512 0.02576489533011272 0.07466666666666667
