1 0.22061191626409019 0.74 0.2608695652173913 0.5146666666666667
1 0.7137681159420289 0.704 0.21658615136876005 0.448
1 0.358695652173913 0.5786666666666667 0.0861513687600644 0.18133333333333335
1 0.5845410628019324 0.5653333333333334 0.07568438003220612 0.192
1 0.5418679549114331 0.5226666666666666 0.043478260869565216 0.112
1 0.3776167471819646 0.516 0.06763285024154589 0.104
0 0.532608695652174 0.4693333333333333 0.04428341384863124 0.176
1 0.4472624798711755 0.4826666666666667 0.015297906602254429 0.042666666666666665
0 0.46819645732689213 0.47733333333333333 0.018518518518518517 0.048
0 0.5052334943639292 0.4786666666666667 0.016908212560386472 0.050666666666666665
