1 0.1996779388083736 0.5826666666666667 0.20772946859903382 0.30666666666666664
1 0.27093397745571657 0.552 0.15861513687600645 0.20266666666666666
1 0.7012882447665056 0.46266666666666667 0.06763285024154589 0.14133333333333334
1 0.7471819645732689 0.4706666666666667 0.05958132045088567 0.09866666666666667
1 0.32045088566827695 0.5346666666666666 0.11916264090177134 0.136
1 0.3329307568438003 0.52 0.09098228663446055 0.12266666666666666
1 0.3494363929146538 0.5026666666666667 0.10628019323671498 0.13066666666666665
0 0.42069243156199676 0.4746666666666667 0.07648953301127215 0.09066666666666667
0 0.500402576489533 0.452 0.012077294685990338 0.06666666666666667
0 0.5402576489533011 0.4573333333333333 0.04830917874396135 0.072
0 0.6372785829307569 0.448 0.04750402576489533 0.064
