1 0.08454106280193237 0.7386666666666667 0.16908212560386474 0.48533333333333334
1 0.17753623188405798 0.5893333333333334 0.22946859903381642 0.33066666666666666
1 0.6932367149758454 0.7293333333333333 0.20450885668276972 0.43466666666666665
1 0.572463768115942 0.5666666666666667 0.06763285024154589 0.184
1 0.2391304347826087 0.6026666666666667 0.16586151368760063 0.21866666666666668
1 0.29549114331723025 0.5666666666666667 0.143317230273752 0.168
1 0.5507246376811594 0.548 0.04830917874396135 0.11466666666666667
1 0.53341384863124 0.5253333333333333 0.03140096618357488 0.096
1 0.3824476650563607 0.5173333333333333 0.05636070853462158 0.10133333333333333
0 0.4363929146537842 0.5173333333333333 0.07729468599033816 0.09066666666666667
0 0.4967793880837359 0.492 0.033816425120772944 0.04
