1 0.03542673107890499 0.736 0.07085346215780998 0.5226666666666666
1 0.856280193236715 0.5213333333333333 0.1537842190016103 0.248
1 0.9231078904991948 0.5373333333333333 0.13285024154589373 0.168
1 0.1320450885668277 0.6706666666666666 0.2640901771336554 0.32266666666666666
1 0.18478260869565216 0.6226666666666667 0.1972624798711755 0.25333333333333335
1 0.23832528180354268 0.5746666666666667 0.20611916264090177 0.24266666666666667
1 0.3272946859903382 0.5386666666666666 0.1247987117552335 0.16533333333333333
1 0.3397745571658615 0.5453333333333333 0.11594202898550725 0.12533333333333332
1 0.27657004830917875 0.56 0.15217391304347827 0.17066666666666666
1 0.572463768115942 0.5 0.07246376811594203 0.088
0 0.4247181964573269 0.5026666666666667 0.07004830917874397 0.08266666666666667
0 0.5040257648953301 0.48 0.008051529790660225 0.048
0 0.7592592592592593 0.48133333333333334 0.040257648953301126 0.072
