1 0.21859903381642512 0.58 0.071658615136876 0.136
1 0.42391304347826086 0.49866666666666665 0.02818035426731079 0.08
1 0.3723832528180354 0.48 0.03784219001610306 0.096
1 0.3462157809983897 0.532 0.043478260869565216 0.09333333333333334
1 0.2890499194847021 0.5466666666666666 0.05152979066022544 0.096
2 0.27898550724637683 0.544 0.02818035426731079 0.14933333333333335
3 0.3812399355877617 0.5053333333333333 0.005636070853462158 0.06133333333333333
1 0.9090177133655395 0.528 0.18035426731078905 0.2613333333333333
1 0.26207729468599034 0.5106666666666667 0.04911433172302738 0.050666666666666665
0 0.4464573268921095 0.492 0.018518518518518517 0.04533333333333334
0 0.7914653784219001 0.456 0.040257648953301126 0.042666666666666665
