3 0.9652665589660743 0.6443850267379679 0.06785137318255251 0.5828877005347594
2 0.2617124394184168 0.7072192513368984 0.10823909531502424 0.5641711229946524
3 0.6934571890145396 0.5427807486631016 0.0444264943457189 0.3155080213903743
3 0.481421647819063 0.5387700534759359 0.024232633279483037 0.232620320855615
3 0.3764135702746365 0.5374331550802139 0.022617124394184167 0.22459893048128343
3 0.4365912762520194 0.5213903743315508 0.020193861066235864 0.20320855614973263
3 0.5981421647819063 0.4959893048128342 0.023424878836833602 0.22192513368983957
2 0.44951534733441034 0.5106951871657754 0.020193861066235864 0.1497326203208556
0 0.3953957996768982 0.5441176470588235 0.05896607431340872 0.14705882352941177
0 0.5428109854604201 0.4893048128342246 0.030694668820678513 0.11764705882352941
