3 0.11437908496732026 0.5702702702702702 0.0392156862745098 0.3081081081081081
3 0.09272875816993464 0.5594594594594594 0.03022875816993464 0.3027027027027027
2 0.673202614379085 0.5554054054054054 0.042483660130718956 0.3
3 0.4963235294117647 0.5527027027027027 0.02042483660130719 0.20810810810810812
0 0.42810457516339867 0.5081081081081081 0.017973856209150325 0.14054054054054055
2 0.3946078431372549 0.5054054054054054 0.02287581699346405 0.14054054054054055
3 0.6474673202614379 0.49594594594594593 0.015522875816993464 0.15945945945945947
3 0.5584150326797386 0.47297297297297297 0.013888888888888888 0.0972972972972973
3 0.5310457516339869 0.4851351351351351 0.008169934640522876 0.1
3 0.5428921568627451 0.4797297297297297 0.007352941176470588 0.1
3 0.5902777777777778 0.4648648648648649 0.010620915032679739 0.0972972972972973
3 0.6008986928104575 0.46621621621621623 0.008986928104575163 0.10540540540540541
0 0.4624183006535948 0.4540540540540541 0.021241830065359478 0.043243243243243246
