1 0.023752012882447666 0.5933333333333334 0.04750402576489533 0.16266666666666665
1 0.1610305958132045 0.524 0.07407407407407407 0.10933333333333334
0 0.20974235104669886 0.5266666666666666 0.029790660225442835 0.072
1 0.286231884057971 0.5266666666666666 0.04106280193236715 0.07733333333333334
1 0.2528180354267311 0.536 0.05152979066022544 0.07466666666666667
1 0.3442028985507246 0.5146666666666667 0.03140096618357488 0.058666666666666666
1 0.32045088566827695 0.5146666666666667 0.030595813204508857 0.058666666666666666
0 0.5434782608695652 0.5013333333333333 0.0322061191626409 0.08
0 0.6103059581320451 0.496 0.09339774557165861 0.048
0 0.3852657004830918 0.5013333333333333 0.020128824476650563 0.037333333333333336
