1 0.4786634460547504 0.5493333333333333 0.04589371980676329 0.12266666666666666
1 0.12037037037037036 0.7413333333333333 0.24074074074074073 0.5013333333333333
1 0.3494363929146538 0.5346666666666666 0.10466988727858294 0.14133333333333334
1 0.39492753623188404 0.5146666666666667 0.06682769726247988 0.08533333333333333
0 0.2886473429951691 0.5946666666666667 0.06682769726247988 0.176
0 0.21578099838969403 0.5933333333333334 0.08695652173913043 0.17866666666666667
1 0.6851851851851852 0.664 0.1642512077294686 0.32
1 0.5475040257648953 0.492 0.05152979066022544 0.16266666666666665
1 0.48993558776167473 0.5226666666666666 0.03140096618357488 0.096
0 0.4367954911433172 0.5013333333333333 0.04428341384863124 0.09066666666666667
