3 0.6526655896607432 0.7192513368983957 0.06462035541195477 0.5561497326203209
3 0.7338449111470113 0.7005347593582888 0.08966074313408724 0.5935828877005348
3 0.17851373182552505 0.7192513368983957 0.0791599353796446 0.5561497326203209
3 0.6175282714054927 0.5775401069518716 0.025040387722132473 0.23529411764705882
3 0.619951534733441 0.5668449197860963 0.025040387722132473 0.20855614973262032
3 0.9672859450726979 0.5254010695187166 0.04119547657512116 0.25935828877005346
3 0.7427302100161551 0.5307486631016043 0.020193861066235864 0.20053475935828877
3 0.9095315024232633 0.6871657754010695 0.06462035541195477 0.5240641711229946
1 0.4325525040387722 0.5254010695187166 0.04765751211631664 0.14171122994652408
1 0.4781906300484653 0.5013368983957219 0.030694668820678513 0.08823529411764706
0 0.27907915993537963 0.5975935828877005 0.0395799676898223 0.2647058823529412
0 0.38651050080775445 0.536096256684492 0.015347334410339256 0.12566844919786097
0 0.5852180936995154 0.5387700534759359 0.02665589660743134 0.10427807486631016
