1 0.03180354267310789 0.636 0.06360708534621579 0.23733333333333334
1 0.5277777777777778 0.52 0.033011272141706925 0.096
1 0.4891304347826087 0.49866666666666665 0.03462157809983897 0.09066666666666667
1 0.539049919484702 0.49466666666666664 0.0249597423510467 0.07733333333333334
1 0.8079710144927537 0.468 0.08776167471819646 0.09866666666666667
1 0.7697262479871175 0.45866666666666667 0.07568438003220612 0.09066666666666667
0 0.18760064412238325 0.5253333333333333 0.20611916264090177 0.10666666666666667
0 0.42028985507246375 0.48 0.027375201288244767 0.048
0 0.9331723027375202 0.48133333333333334 0.13043478260869565 0.22666666666666666
0 0.5893719806763285 0.4653333333333333 0.027375201288244767 0.04533333333333334
