1 0.4943593875906527 0.574468085106383 0.07010475423045931 0.2127659574468085
1 0.2542304593070105 0.6462765957446809 0.14746172441579372 0.2765957446808511
1 0.18815471394037067 0.589095744680851 0.1297340854149879 0.19946808510638298
1 0.3585817888799355 0.5611702127659575 0.0757453666398066 0.15425531914893617
0 0.4000805801772764 0.45611702127659576 0.0781627719580983 0.2526595744680851
0 0.44641418211120065 0.4574468085106383 0.0273972602739726 0.12234042553191489
1 0.055600322320709106 0.5904255319148937 0.11120064464141821 0.19680851063829788
1 0.23851732473811443 0.5332446808510638 0.06607574536663981 0.09840425531914894
1 0.29170024174053183 0.5013297872340425 0.0515713134568896 0.10904255319148937
1 0.5354552780016116 0.5093085106382979 0.0249798549556809 0.05053191489361702
0 0.5829975825946817 0.5079787234042553 0.023368251410153102 0.03723404255319149
