1 0.4214975845410628 0.556 0.07809983896940419 0.12533333333333332
1 0.5531400966183575 0.5106666666666667 0.04186795491143317 0.08266666666666667
1 0.392512077294686 0.56 0.17632850241545894 0.3466666666666667
1 0.30394524959742353 0.552 0.071658615136876 0.12266666666666666
1 0.44041867954911434 0.49466666666666664 0.028985507246376812 0.08266666666666667
1 0.5430756843800322 0.508 0.03140096618357488 0.06666666666666667
0 0.8200483091787439 0.45866666666666667 0.35668276972624796 0.08
0 0.5881642512077294 0.476 0.033011272141706925 0.04533333333333334
0 0.5165056360708534 0.488 0.029790660225442835 0.02666666666666667
0 0.10869565217391304 0.576 0.05314009661835749 0.058666666666666666
0 0.20209339774557167 0.564 0.05636070853462158 0.04533333333333334
0 0.2584541062801932 0.548 0.01288244766505636 0.04
