1 0.10507246376811594 0.7386666666666667 0.21014492753623187 0.496
1 0.4166666666666667 0.5293333333333333 0.04428341384863124 0.09333333333333334
1 0.23752012882447665 0.6106666666666667 0.1288244766505636 0.24
1 0.33816425120772947 0.5546666666666666 0.057971014492753624 0.11733333333333333
1 0.5177133655394525 0.49466666666666664 0.02254428341384863 0.06666666666666667
1 0.6014492753623188 0.4746666666666667 0.07085346215780998 0.07466666666666667
1 0.5933977455716586 0.4666666666666667 0.061191626409017714 0.08533333333333333
1 0.7407407407407407 0.43333333333333335 0.06763285024154589 0.08266666666666667
0 0.927938808373591 0.47333333333333333 0.09903381642512077 0.14133333333333334
0 0.6674718196457327 0.44133333333333336 0.061191626409017714 0.056
0 0.4718196457326892 0.472 0.00966183574879227 0.042666666666666665
0 0.39371980676328505 0.524 0.028985507246376812 0.072
0 0.4428341384863124 0.484 0.020933977455716585 0.029333333333333333
0 0.49476650563607083 0.476 0.018518518518518517 0.04
0 0.5466988727858293 0.45866666666666667 0.03542673107890499 0.048
