1 0.21578099838969403 0.5626666666666666 0.10950080515297907 0.12266666666666666
1 0.22705314009661837 0.5173333333333333 0.10144927536231885 0.13333333333333333
3 0.750805152979066 0.5586666666666666 0.02818035426731079 0.25866666666666666
1 0.38003220611916266 0.5226666666666666 0.06602254428341385 0.096
1 0.41223832528180354 0.508 0.043478260869565216 0.06666666666666667
1 0.49074074074074076 0.49466666666666664 0.02818035426731079 0.056
1 0.47987117552334946 0.5093333333333333 0.043478260869565216 0.06933333333333333
1 0.6038647342995169 0.49066666666666664 0.020933977455716585 0.042666666666666665
0 0.8518518518518519 0.4573333333333333 0.29307568438003223 0.06666666666666667
0 0.5370370370370371 0.488 0.033816425120772944 0.064
0 0.6284219001610306 0.484 0.026570048309178744 0.06133333333333333
