1 0.1678743961352657 0.5053333333333333 0.10225442834138486 0.09866666666666667
1 0.1501610305958132 0.472 0.05877616747181964 0.112
1 0.5644122383252818 0.4866666666666667 0.057971014492753624 0.072
3 0.6847826086956522 0.4706666666666667 0.010466988727858293 0.072
1 0.643317230273752 0.46266666666666667 0.0322061191626409 0.08266666666666667
1 0.6678743961352657 0.4653333333333333 0.03140096618357488 0.06133333333333333
1 0.7008856682769726 0.4653333333333333 0.04428341384863124 0.056
0 0.28784219001610306 0.456 0.1360708534621578 0.05333333333333334
0 0.41264090177133655 0.472 0.013687600644122383 0.08
0 0.8611111111111112 0.4493333333333333 0.2745571658615137 0.12533333333333332
