1 0.9585346215780999 0.7546666666666667 0.08132045088566828 0.48533333333333334
1 0.15177133655394526 0.676 0.21175523349436393 0.376
1 0.4243156199677939 0.5213333333333333 0.03864734299516908 0.08266666666666667
1 0.27294685990338163 0.5853333333333334 0.10466988727858294 0.2
1 0.35185185185185186 0.548 0.05152979066022544 0.104
1 0.5181159420289855 0.496 0.021739130434782608 0.064
1 0.5970209339774557 0.47733333333333333 0.06682769726247988 0.06933333333333333
1 0.5901771336553945 0.468 0.057971014492753624 0.08266666666666667
1 0.7318840579710145 0.43866666666666665 0.0644122383252818 0.07733333333333334
0 0.392914653784219 0.5186666666666667 0.02576489533011272 0.09866666666666667
0 0.4718196457326892 0.476 0.05152979066022544 0.056
0 0.6614331723027376 0.448 0.05394524959742351 0.07466666666666667
0 0.8904991948470209 0.484 0.09500805152979067 0.15733333333333333
