1 0.0499194847020934 0.7146666666666667 0.0998389694041868 0.368
1 0.10144927536231885 0.6493333333333333 0.2028985507246377 0.2853333333333333
1 0.28462157809983896 0.5466666666666666 0.12318840579710146 0.17066666666666666
1 0.3836553945249597 0.5173333333333333 0.05555555555555555 0.07466666666666667
0 0.17431561996779388 0.6013333333333334 0.08293075684380032 0.18933333333333333
2 0.7012882447665056 0.496 0.028985507246376812 0.14933333333333335
2 0.6654589371980676 0.5013333333333333 0.020128824476650563 0.112
2 0.6457326892109501 0.496 0.01610305958132045 0.096
0 0.49798711755233493 0.48533333333333334 0.0249597423510467 0.05333333333333334
0 0.8103864734299517 0.4493333333333333 0.10869565217391304 0.088
