1 0.6042673107890499 0.5866666666666667 0.08132045088566828 0.176
1 0.9033816425120773 0.544 0.17552334943639292 0.22933333333333333
1 0.5772946859903382 0.556 0.05314009661835749 0.136
1 0.4078099838969404 0.5386666666666666 0.04106280193236715 0.10133333333333333
1 0.7757648953301127 0.5346666666666666 0.13123993558776167 0.136
1 0.8381642512077294 0.5453333333333333 0.14653784219001612 0.168
1 0.5475040257648953 0.504 0.020933977455716585 0.06933333333333333
1 0.25684380032206117 0.5346666666666666 0.07568438003220612 0.08266666666666667
0 0.4424315619967794 0.5133333333333333 0.029790660225442835 0.104
0 0.4943639291465378 0.4866666666666667 0.05152979066022544 0.072
0 0.021739130434782608 0.92 0.043478260869565216 0.14933333333333335
