3 0.5684380032206119 0.5053333333333333 0.008051529790660225 0.07733333333333334
1 0.05756843800322061 0.5466666666666666 0.11513687600644122 0.144
0 0.13687600644122383 0.5333333333333333 0.043478260869565216 0.09066666666666667
1 0.12117552334943639 0.5786666666666667 0.09903381642512077 0.144
1 0.08574879227053141 0.5746666666666667 0.11352657004830918 0.13066666666666665
1 0.2741545893719807 0.5253333333333333 0.04911433172302738 0.08533333333333333
1 0.24557165861513688 0.5226666666666666 0.0499194847020934 0.08533333333333333
1 0.3530595813204509 0.5066666666666667 0.02818035426731079 0.05333333333333334
0 0.4975845410628019 0.48933333333333334 0.12238325281803543 0.072
0 0.6626409017713365 0.512 0.16586151368760063 0.10133333333333333
