1 0.023349436392914653 0.5293333333333333 0.04669887278582931 0.184
0 0.07809983896940419 0.5373333333333333 0.06602254428341385 0.12533333333333332
1 0.14653784219001612 0.552 0.09500805152979067 0.11733333333333333
1 0.2073268921095008 0.5066666666666667 0.06038647342995169 0.096
0 0.24516908212560387 0.5106666666666667 0.0249597423510467 0.06133333333333333
1 0.33373590982286633 0.5093333333333333 0.029790660225442835 0.058666666666666666
1 0.3035426731078905 0.5146666666666667 0.03864734299516908 0.058666666666666666
1 0.3723832528180354 0.5013333333333333 0.023349436392914653 0.048
0 0.4001610305958132 0.49066666666666664 0.020933977455716585 0.042666666666666665
0 0.5024154589371981 0.492 0.1143317230273752 0.050666666666666665
