1 0.5990338164251208 0.47733333333333333 0.014492753623188406 0.042666666666666665
1 0.5623993558776168 0.48133333333333334 0.020128824476650563 0.050666666666666665
1 0.07246376811594203 0.608 0.14492753623188406 0.19733333333333333
1 0.42914653784219003 0.592 0.143317230273752 0.304
1 0.34581320450885666 0.5306666666666666 0.04911433172302738 0.09066666666666667
1 0.42069243156199676 0.5093333333333333 0.03140096618357488 0.058666666666666666
0 0.5064412238325282 0.45866666666666667 0.05314009661835749 0.08533333333333333
0 0.2713365539452496 0.5066666666666667 0.08051529790660225 0.112
0 0.7004830917874396 0.44 0.14170692431561996 0.08
0 0.9138486312399355 0.43733333333333335 0.16908212560386474 0.08533333333333333
0 0.18397745571658616 0.5493333333333333 0.061996779388083734 0.08
