1 0.5648148148148148 0.4826666666666667 0.015297906602254429 0.042666666666666665
1 0.09943639291465378 0.472 0.19887278582930756 0.576
1 0.5793075684380032 0.49733333333333335 0.03462157809983897 0.088
1 0.49798711755233493 0.5106666666666667 0.05233494363929147 0.104
1 0.3438003220611916 0.5333333333333333 0.04669887278582931 0.09066666666666667
1 0.4227053140096618 0.5093333333333333 0.024154589371980676 0.058666666666666666
0 0.5032206119162641 0.46 0.0499194847020934 0.08266666666666667
0 0.27012882447665054 0.5026666666666667 0.08454106280193237 0.12
0 0.394524959742351 0.4786666666666667 0.02576489533011272 0.072
0 0.44565217391304346 0.4866666666666667 0.018518518518518517 0.06133333333333333
0 0.5475040257648953 0.47333333333333333 0.011272141706924315 0.04533333333333334
0 0.606280193236715 0.47333333333333333 0.011272141706924315 0.050666666666666665
0 0.7185990338164251 0.44133333333333336 0.17632850241545894 0.072
0 0.9146537842190016 0.44266666666666665 0.16747181964573268 0.06933333333333333
