1 0.49597423510466987 0.508 0.02254428341384863 0.072
2 0.8188405797101449 0.6573333333333333 0.2222222222222222 0.68
3 0.7137681159420289 0.6626666666666666 0.04106280193236715 0.472
3 0.644524959742351 0.624 0.03140096618357488 0.3413333333333333
1 0.04066022544283414 0.6933333333333334 0.08132045088566828 0.2613333333333333
1 0.32367149758454106 0.5493333333333333 0.04669887278582931 0.08533333333333333
2 0.7181964573268921 0.6013333333333334 0.12721417069243157 0.456
0 0.008051529790660225 0.5 0.01610305958132045 0.088
0 0.016908212560386472 0.8973333333333333 0.033816425120772944 0.14666666666666667
0 0.1143317230273752 0.5693333333333334 0.05636070853462158 0.13066666666666665
0 0.42592592592592593 0.496 0.05152979066022544 0.058666666666666666
