3 0.9440418679549114 0.6813333333333333 0.11030595813204509 0.632
2 0.2882447665056361 0.6453333333333333 0.07729468599033816 0.39466666666666667
2 0.36594202898550726 0.5733333333333334 0.04106280193236715 0.29333333333333333
3 0.4392109500805153 0.5346666666666666 0.013687600644122383 0.12533333333333332
3 0.42713365539452497 0.528 0.013687600644122383 0.13333333333333333
3 0.5040257648953301 0.5013333333333333 0.01288244766505636 0.10133333333333333
3 0.5140901771336553 0.504 0.013687600644122383 0.10133333333333333
0 0.6549919484702094 0.536 0.03784219001610306 0.18666666666666668
0 0.4746376811594203 0.492 0.021739130434782608 0.06133333333333333
0 0.5640096618357487 0.49466666666666664 0.04589371980676329 0.088
