1 0.5946054750402576 0.4826666666666667 0.026570048309178744 0.08
1 0.5253623188405797 0.5186666666666667 0.07971014492753623 0.17866666666666667
1 0.057971014492753624 0.6146666666666667 0.11594202898550725 0.216
1 0.40458937198067635 0.5466666666666666 0.09420289855072464 0.16
1 0.045491143317230275 0.6133333333333333 0.09098228663446055 0.6826666666666666
1 0.3079710144927536 0.544 0.07809983896940419 0.10666666666666667
1 0.41304347826086957 0.5146666666666667 0.030595813204508857 0.06933333333333333
0 0.5072463768115942 0.46 0.05475040257648953 0.08266666666666667
0 0.8140096618357487 0.436 0.3687600644122383 0.088
0 0.25120772946859904 0.524 0.030595813204508857 0.06133333333333333
0 0.463768115942029 0.47333333333333333 0.020933977455716585 0.06133333333333333
0 0.1747181964573269 0.5466666666666666 0.10628019323671498 0.07466666666666667
