1 0.5209339774557166 0.5613333333333334 0.05958132045088567 0.17333333333333334
1 0.44524959742351045 0.5253333333333333 0.057971014492753624 0.15466666666666667
1 0.5265700483091788 0.5093333333333333 0.040257648953301126 0.12266666666666666
1 0.966183574879227 0.444 0.06602254428341385 0.184
1 0.9170692431561996 0.44133333333333336 0.12721417069243157 0.15733333333333333
0 0.10909822866344605 0.5306666666666666 0.2069243156199678 0.10666666666666667
0 0.2463768115942029 0.5026666666666667 0.07085346215780998 0.09333333333333334
0 0.3611111111111111 0.48 0.03462157809983897 0.07466666666666667
0 0.5921900161030595 0.44533333333333336 0.05233494363929147 0.06933333333333333
0 0.8309178743961353 0.42933333333333334 0.07407407407407407 0.11733333333333333
