1 0.501207729468599 0.6173333333333333 0.08454106280193237 0.264
1 0.2463768115942029 0.572 0.05636070853462158 0.08266666666666667
1 0.18115942028985507 0.584 0.061191626409017714 0.08533333333333333
1 0.3309178743961353 0.5466666666666666 0.040257648953301126 0.06933333333333333
1 0.8832528180354268 0.56 0.13687600644122383 0.13866666666666666
0 0.2890499194847021 0.5373333333333333 0.033816425120772944 0.08266666666666667
0 0.37278582930756843 0.52 0.040257648953301126 0.08533333333333333
0 0.43438003220611915 0.4746666666666667 0.02818035426731079 0.048
0 0.47665056360708535 0.44666666666666666 0.03864734299516908 0.06666666666666667
0 0.13083735909822866 0.552 0.029790660225442835 0.05333333333333334
0 0.9923510466988728 0.556 0.012077294685990338 0.12533333333333332
