1 0.678743961352657 0.62 0.17391304347826086 0.24266666666666667
1 0.08655394524959742 0.668 0.17310789049919484 0.34933333333333333
1 0.1751207729468599 0.5973333333333334 0.19404186795491143 0.21866666666666668
1 0.6360708534621579 0.6053333333333333 0.14170692431561996 0.19733333333333333
1 0.22302737520128824 0.5586666666666666 0.14009661835748793 0.184
1 0.26610305958132047 0.5346666666666666 0.0861513687600644 0.13066666666666665
1 0.37922705314009664 0.5226666666666666 0.030595813204508857 0.064
0 0.3530595813204509 0.512 0.023349436392914653 0.064
0 0.8240740740740741 0.5466666666666666 0.09420289855072464 0.12266666666666666
0 0.9762479871175523 0.8346666666666667 0.0426731078904992 0.32
