1 0.26529790660225444 0.56 0.05233494363929147 0.13333333333333333
1 0.22262479871175522 0.5266666666666666 0.05394524959742351 0.12533333333333332
1 0.01892109500805153 0.6986666666666667 0.03784219001610306 0.272
1 0.05394524959742351 0.5733333333333334 0.08051529790660225 0.07466666666666667
1 0.6545893719806763 0.5093333333333333 0.037037037037037035 0.06933333333333333
0 0.7210144927536232 0.4826666666666667 0.012077294685990338 0.05333333333333334
0 0.018518518518518517 0.672 0.037037037037037035 0.29333333333333333
0 0.142914653784219 0.552 0.071658615136876 0.07466666666666667
0 0.31843800322061194 0.544 0.05555555555555555 0.128
0 0.7000805152979066 0.48133333333333334 0.0249597423510467 0.06666666666666667
0 0.8268921095008052 0.4706666666666667 0.10950080515297907 0.088
