1 0.3824476650563607 0.5666666666666667 0.06924315619967794 0.14133333333333334
1 0.09138486312399356 0.76 0.18276972624798712 0.4746666666666667
1 0.28019323671497587 0.5946666666666667 0.09017713365539452 0.16533333333333333
1 0.5201288244766505 0.5106666666666667 0.027375201288244767 0.07733333333333334
1 0.6219806763285024 0.4866666666666667 0.0861513687600644 0.088
1 0.6119162640901772 0.47333333333333333 0.07407407407407407 0.104
1 0.7781803542673108 0.43733333333333335 0.07971014492753623 0.096
0 0.43397745571658614 0.5186666666666667 0.03864734299516908 0.13066666666666665
0 0.4722222222222222 0.47733333333333333 0.013687600644122383 0.058666666666666666
0 0.6992753623188406 0.44 0.06682769726247988 0.07466666666666667
0 0.5471014492753623 0.4666666666666667 0.03784219001610306 0.10133333333333333
0 0.49476650563607083 0.48133333333333334 0.018518518518518517 0.06133333333333333
