3 0.5395799676898223 0.5975935828877005 0.03715670436187399 0.32887700534759357
3 0.5848142164781907 0.589572192513369 0.04361873990306947 0.339572192513369
3 0.28190630048465265 0.6029411764705882 0.04361873990306947 0.35561497326203206
2 0.3852988691437803 0.5802139037433155 0.048465266558966075 0.2887700534759358
2 0.44264943457189015 0.5320855614973262 0.033925686591276254 0.18181818181818182
2 0.4184168012924071 0.5254010695187166 0.024232633279483037 0.16310160427807488
3 0.601373182552504 0.5133689839572193 0.013731825525040387 0.1497326203208556
0 0.04159935379644588 0.5935828877005348 0.07512116316639741 0.19786096256684493
0 0.14660743134087237 0.5748663101604278 0.04281098546042003 0.3048128342245989
0 0.4737479806138934 0.48128342245989303 0.03150242326332795 0.0962566844919786
