1 0.28180354267310787 0.56 0.10144927536231885 0.128
1 0.321256038647343 0.5413333333333333 0.08051529790660225 0.112
1 0.33735909822866345 0.5333333333333333 0.07407407407407407 0.10133333333333333
1 0.3607085346215781 0.5133333333333333 0.07085346215780998 0.09333333333333334
0 0.20813204508856684 0.5293333333333333 0.033011272141706925 0.104
0 0.4194847020933977 0.49466666666666664 0.09017713365539452 0.09866666666666667
0 0.5124798711755234 0.4786666666666667 0.036231884057971016 0.072
0 0.6413043478260869 0.44 0.1215780998389694 0.06933333333333333
0 0.717391304347826 0.4706666666666667 0.02254428341384863 0.14133333333333334
0 0.8590982286634461 0.4066666666666667 0.2785829307568438 0.06133333333333333
